368
121
521
704
1931
1501
2434
2475
2410
1985
1522
1356
2348
2213
1981
1721
964
882
1787
1361
2307
1785
1120
2051
2197
2267
670
2515
2302
975
1515
276
1597
60
931
1832
1231
2206
2264
2047
1361
992
121
2362
521
2206
2404
1165
423
1899
2450
1068
1599
1785
2047
1336
2307
125
1295
955
2342
570
2147
652
2412
1312
2410
1904
1931
714
961
2132
1015
959
2293
2440
776
1721
1951
2385
1004
2163
2495
2200
1899
928
2147
693
1619
2421
195
1076
1693
299
1972
2354
2432
950
1004
939
1649
723
2476
1361
313
950
666
2412
1948
1867
2125
1747
1904
1415
720
1333
2515
984
2367
1289
1213
1889
1355
29
720
1747
1337
1981
2469
1256
1453
2267
2440
885
2367
767
2440
2476
1202
2419
1192
324
1162
1312
121
2509
2306
2344
1893
1120
1293
2412
2307
1333
676
1889
2062
1012
1599
1784
2014
1580
296
1361
2495
1471
1751
2509
867
2261
1747
1363
955
2051
539
882
2475
2307
2344
2252
1515
1337
1533
855
1288
1610
2155
2307
1295
2344
1708
2241
1120
2161
1948
1459
1004
1786
2133
1747
1791
2283
1011
1622
2254
643
1580
2492
1549
2016
2093
1004
2526
1363
931
1056
1361
