0.00192851
0.000806116
0.000840912
0.00305878
0.00114518
0.725714
0.0195271
0.000109703
0.023225
0.0110712
0.00324518
0.00872114
0.414305
0.00972822
0.00279204
0.00920933
0.000738016
0.834339
0.00225234
0.000578087
0.007097
0.0170849
0.00111253
0.000717802
0.00751766
0.0115832
0.00033978
0.000589112
0.00261326
0.00204778
0.0437321
0.00203487
0.000519864
0.000589008
0.0018854
0.00702145
0.00362198
0.00105156
0.000322494
0.0141467
0.000447447
0.00575721
0.0529829
0.00867448
0.00135791
0.419601
0.715375
0.00171477
0.000338869
0.00749533
0.00896651
0.000466529
0.00147102
0.0297929
0.00220735
0.0146247
0.00537058
0.00775843
0.00114882
0.0260885
0.00102263
0.0141467
0.0871835
0.0333818
0.000307633
0.000826062
0.00117417
0.0102033
0.0051879
0.0115832
0.0498813
0.00737696
0.00438582
0.00223867
0.00277077
0.00889739
0.00555523
0.00804641
0.00367925
0.00260442
0.00537058
0.0679122
0.0545896
0.00576516
0.008595
0.115099
0.00047301
0.00111376
0.00314891
0.0255006
0.00087642
0.0112764
0.0015964
0.156917
0.0290147
0.000950817
0.0551149
0.00595978
0.0017387
0.000525862
0.00100123
0.168012
0.00110093
0.0234415
0.0162759
0.00164472
0.00310226
0.000945855
0.000623015
0.000419002
0.00272294
0.00145906
0.000368857
0.00128657
0.00131422
0.00593743
0.115832
0.747487
0.00335464
0.78377
0.000910022
0.00333102
0.000929586
0.00603993
0.00156255
0.00707881
0.000542069
0.00249127
0.00447796
0.211782
0.00116089
0.00535588
0.00161871
0.000840355
0.0014905
0.000437651
0.00100776
0.00505423
0.00030592
0.869741
0.0333579
0.0528064
0.0105173
0.000150067
0.0098711
0.000331381
0.00187806
0.00411904
0.00771597
0.0063186
0.00767696
0.136385
0.0415495
0.0258763
0.0409336
0.000877579
0.00574795
0.00794301
0.541222
0.00365437
0.0104615
0.00151972
0.00658346
0.000675455
0.00543085
0.0351279
0.00575721
0.0700627
0.00313524
0.0902715
0.00534557
0.0230609
0.000322494
0.00164472
0.000813475
0.00162475
0.000123308
0.0127556
0.00357933
0.000559472
0.00229376
0.0015812
0.00197751
0.000804799
0.00106285
0.00083789
0.00802919
0.00996141
0.0133937
0.00590433
0.00171889
0.00807807
0.000638651
0.00310629
0.00645917
0.000458889
0.000282111
0.00186564
0.000138298
0.0286296
0.00978752
0.00073114
0.000270838
0.0060442
0.0136805
0.248728
0.0133937
0.00542799
0.00136418
0.000299912
0.000565555
0.000950817
0.00121462
0.000138818
0.000922156
0.00133783
0.00364692
0.00576087
0.00163394
0.00481323
0.00113112
0.610439
0.0189555
0.00455848
0.00424237
0.0168886
0.00317671
0.24
0.0510183
0.00194532
0.140665
0.0003901
0.000306969
0.000578362
0.00593743
0.00125833
0.00223283
0.00576351
0.00315806
0.00101456
0.000798686
0.317729
0.000117665
0.0122455
0.00537058
0.0010899
0.230736
0.0273195
0.00153045
0.00018328
0.0003901
0.00183134
0.000319089
0.000109703
0.0722522
0.0185406
0.479381
0.113061
0.000432291
0.00401903
0.000366859
0.00204019
0.0137011
0.00356971
0.000718771
0.00995281
0.00231105
0.153216
0.930398
0.00231049
0.0133937
0.00813768
0.0804625
0.000613665
0.000325322
0.000352401
0.0546655
0.000110278
0.000929586
0.015978
0.00086193
0.608656
0.000784352
0.00535588
0.000276924
0.00581525
0.000421185
0.00235696
0.010061
0.0015812
0.0110861
0.0205579
0.00132027
0.00837031
0.0255784
0.0043025
0.000899206
0.00315806
0.00299128
0.000554477
0.00990669
0.00499294
0.0057388
0.00393099
0.00930871
0.00320303
0.933044
0.30348
0.00727113
0.00581301
0.0010754
0.00410075
0.839293
0.00195329
0.0015812
0.000553696
0.00159722
0.0112658
0.00106555
0.00506837
0.0126322
0.544842
0.000635077
0.00455691
0.0425708
0.00298373
0.00940672
0.000761864
0.0133438
0.00142052
0.00208108
0.00901692
0.00543706
0.000535057
0.021281
0.00205937
0.00432225
0.000266447
0.0260885
0.0033223
0.704444
0.0112874
0.00682504
0.00558952
0.0494244
0.0147298
0.619683
0.0013673
0.00867448
0.0022384
0.000325148
0.00167855
0.0111888
0.000439936
0.00320721
0.00335386
0.00794301
0.0703089
0.00267969
0.00283826
0.00217364
0.00229376
0.0170263
0.0565362
0.000495732
0.000109942
0.00294197
0.00635579
0.00434576
0.730723
0.00784838
0.669016
0.0321628
0.00459072
0.000114638
0.0200149
0.0330342
0.00193273
0.0626105
0.00128657
0.0132892
0.030214
0.00952788
0.00205937
0.00418697
0.00703877
0.000305282
0.00720621
0.886048
0.000471445
0.000720607
0.995856
0.777339
0.000507663
0.0012987
0.00109099
0.00508913
0.0671571
0.0123815
0.00317671
0.000449156
0.000962458
0.27541
0.00581932
0.00168707
0.00101725
0.00527861
0.0761231
0.00114322
0.00578067
0.0132696
0.00322457
0.00896241
0.00282249
0.0030373
0.0185406
0.00588817
0.000844011
0.00203585
0.00131707
0.00691567
0.0273178
0.0258962
0.00587626
0.000592615
0.00702145
0.00141973
0.00164472
0.00707881
0.136385
0.00109099
0.00522422
0.813534
0.838182
0.00617051
0.00512312
0.000266447
0.00211555
0.00828106
0.000840912
0.0147416
0.022316
0.041422
0.000140397
0.00119673
0.00317706
0.216418
0.310018
0.0329037
0.000987021
0.00223283
0.0190476
0.00202808
0.00195803
0.00231049
0.00611871
0.0121801
0.0813177
0.000795372
0.00387797
0.0133937
0.000449156
0.00528957
0.0103564
0.00110093
0.140377
0.0107341
0.000683651
0.00603993
0.000582228
0.00122445
0.848479
0.134896
0.000659361
0.00427285
0.0137652
0.0008042
0.021324
0.00522422
0.000950817
0.00260442
0.000310997
3.93752e-05
0.0141467
0.00226258
0.00595978
0.00576351
0.0140014
0.00279204
0.119134
0.00290989
0.0010995
0.00341591
0.00382837
0.00262453
0.00804641
0.0170849
0.000560464
0.00220282
0.198529
0.00546335
0.00296398
0.00486406
0.0275943
0.000259665
0.00595978
0.00264043
0.00049082
0.000787893
0.00162231
0.432886
0.000124656
0.0137595
0.000954643
8.21067e-05
0.0265921
0.00411904
0.000282111
0.255348
0.00481323
0.00293304
0.000589008
0.00841453
0.0546426
0.000390889
0.0125343
0.89601
0.000645115
0.0487079
0.0038463
0.00926775
0.0429757
0.00567247
0.00290285
0.0010468
0.00499294
0.00130856
0.00295635
0.00178386
0.452491
0.0522389
0.0248348
0.450684
0.0062172
0.000623015
0.00051492
0.00296275
0.00113292
0.0018875
0.00155658
0.00960073
0.00133783
0.0649537
0.24404
0.0229218
0.514685
0.00603527
0.00169037
0.00794301
0.130689
7.36658e-05
0.00149854
0.036722
0.00604489
0.023526
0.00488858
0.129759
0.001413
0.0105173
0.00151972
0.00536792
0.000804799
0.0379206
0.0018314
0.0013673
0.0015628
0.0321605
0.00049082
0.0310945
0.00138446
0.00134092
0.0018314
0.0149027
0.0121099
0.0104942
0.00315211
0.0237473
0.00954333
0.0118304
0.0192927
0.0113967
0.00674573
0.023526
0.00382837
0.00163394
0.0255006
0.000128348
0.000480661
0.0256476
0.00645481
0.00625735
0.149808
0.00352332
0.00548738
0.000319089
0.225972
0.000897569
0.000284986
0.0307921
0.0099555
0.00145375
0.00991115
0.000905281
0.00135334
0.00121703
0.00785722
0.0018875
0.000905501
0.97779
0.000277274
0.00130025
0.677694
0.0076193
0.00183134
0.925474
0.000905281
0.00155645
0.00126418
0.00857683
0.00278587
0.00301684
0.00225272
0.374362
0.000359124
0.949876
0.00298373
0.074618
0.000345661
0.00603993
0.00753999
0.00407852
0.0204945
0.021281
0.00508635
0.00027164
0.522301
0.000206847
0.0319582
0.00317294
0.270328
0.0099555
0.00262909
0.00872114
0.00498107
0.0340856
0.306399
0.00144703
0.0023948
0.000279389
0.00111376
0.00404631
0.667722
0.0158652
0.000113454
0.000804799
0.000537306
0.00521903
0.539664
0.0141185
0.00162585
0.0042552
0.00479903
0.00490936
0.754098
0.00134822
0.000934243
0.00061164
0.0372981
0.00369109
0.00103209
0.000469872
0.000574384
0.0326259
0.83527
0.00613457
0.00213883
0.137077
0.00345031
0.000379883
0.000858386
0.0252446
0.7029
0.0016641
0.00187423
0.0145328
0.00231049
0.000659133
0.00380604
0.000818143
0.20919
0.00645917
0.00230541
0.000820025
0.663885
0.00697711
0.00411459
0.0108063
0.175021
0.933044
0.0294245
0.0141467
0.00508635
0.00375279
0.00151764
0.0315022
0.00805397
0.00111322
0.000469872
0.000248874
0.000696535
0.000858386
0.000213268
0.0133438
0.00162943
0.0133937
0.000424306
0.000692518
0.000581774
0.0112996
0.0093141
0.00082679
0.000116686
0.00524332
0.0483529
0.00382837
0.159837
0.00707881
0.000743753
0.332595
0.000174827
0.0106658
0.00528432
0.00575721
0.000720607
0.000576599
0.0498813
0.00044563
0.000428174
0.00900007
0.01411
0.0196212
0.00449594
0.000592615
0.944314
0.00135313
0.0119296
0.00231049
0.036722
0.0458826
0.0057388
0.000787346
0.00112009
0.694877
0.00502295
0.0250677
0.0015964
0.00354027
0.00606234
0.229009
0.000729654
0.00150518
0.000265732
0.00122445
0.000497331
0.000963883
0.0042975
0.00172242
0.00506549
0.0012516
0.0034845
0.000305282
0.00175288
0.00792227
0.00395839
0.0604664
0.000166314
0.981298
0.356226
0.000194157
0.00508635
0.00312879
0.000813475
0.0029316
0.00743852
0.000919408
0.00131707
0.0380738
0.000394446
0.000772844
0.00206944
0.00114406
0.00526212
0.0109367
0.340958
0.000572956
0.00400002
0.00105404
0.030214
0.0275943
0.000825224
0.000209606
0.967059
0.0017387
0.00512312
0.684384
0.00726182
0.01411
0.00603993
0.0315022
0.000719579
0.000140397
0.0021553
0.00636604
0.0129222
0.00185836
0.00152533
0.000245481
0.00354822
0.00627903
0.821716
0.0227731
0.0025715
0.00184889
0.315257
0.0755884
0.00159444
0.0106658
0.00147055
0.0133937
0.0023082
0.382359
0.000833029
0.00460808
0.145379
0.000825224
0.00491155
0.914748
0.00150691
0.00565526
0.0528719
0.000714121
0.00387817
0.000947513
0.000110278
0.00313524
0.0133937
0.0348332
0.00244194
0.000375465
0.0105173
0.0447257
0.00193026
0.00255093
0.00332172
0.224628
0.00521903
0.00632541
0.00308029
0.0123815
0.00645917
9.84356e-05
0.00576087
0.00784775
0.187036
0.00410075
0.000447447
0.00682504
0.0018685
0.00114481
0.000620155
0.00149572
0.91448
0.00732296
0.00491155
0.730723
0.00264524
0.0338049
0.00508913
0.000382211
0.00733916
0.0141467
0.00627903
0.00252491
0.0141467
0.000322494
0.00940672
0.00519913
0.106621
0.0141467
0.0348332
0.0306278
0.00940082
0.00215831
0.00598322
0.0024001
0.00114481
0.03447
0.0245065
0.0170541
0.00175477
0.663885
0.000969881
0.0350418
0.24
0.726756
0.00227322
0.0008042
0.689433
0.00223283
0.000371538
0.00595978
0.0426925
0.0516168
0.212372
0.0138945
0.00196015
0.585775
0.00543706
0.24
0.0113967
0.329507
0.00170259
0.0147676
0.00523641
0.00464993
0.00394677
0.000461924
0.0157232
0.0278517
0.0132188
0.388377
0.002106
0.00133783
0.0052309
0.00705102
0.00426125
0.000405998
0.394384
0.00111267
0.0544475
0.00194591
0.567396
0.945846
0.0207664
7.27909e-05
0.0099555
0.00272069
0.00595978
0.0244414
0.0017526
0.00471359
0.189173
0.000143234
0.000776469
0.928795
0.00244227
0.0248348
0.036722
0.00153987
0.00411904
0.0011815
0.00152814
0.00128657
0.00292009
0.000294266
0.00153045
0.00279204
0.000829584
0.000451261
0.00895037
0.00295059
0.00111267
0.000347788
0.00505423
0.0572901
0.00603993
0.0586777
0.198529
0.00028653
0.000283117
0.0251703
0.754999
0.00406674
0.0540811
0.0103461
0.00544827
0.113077
0.00894179
0.0310945
0.0391205
0.0132665
0.00479903
0.000858386
0.00537058
0.64459
0.00385245
0.00792227
0.00410075
0.00299128
0.000238342
0.000905501
0.00368349
0.00498107
0.0972925
0.001413
0.000820462
0.00516877
0.000929586
0.000466529
0.000220708
0.00802919
0.036403
0.00388075
0.000704258
0.61636
0.000727257
0.0018314
0.0131094
0.421368
0.00204579
0.30798
0.000717802
0.00122458
0.0172818
0.919327
0.00233864
0.0154103
0.00577004
0.0015812
0.0184067
0.00267564
0.000124656
0.00535764
0.00083182
0.616214
0.00124289
0.541222
0.002975
0.000121167
0.000113454
0.000116541
0.00138365
0.108464
0.036722
0.656552
0.00559191
0.838182
0.0135646
0.0335405
0.00132027
0.000659133
0.140377
0.00794301
0.00267969
0.00398612
0.000245481
0.00807807
0.00498107
0.0133937
0.00290557
0.665531
0.00179749
0.00205764
0.0982979
0.00457468
0.00165049
0.00589567
0.000956898
0.00505423
0.0336021
0.000520857
0.000919758
0.00455721
0.00192851
0.00540187
0.000695013
0.00186564
0.00495402
0.194876
0.0149829
0.0099555
0.000589112
0.747487
0.00231049
0.000571589
0.0117769
0.000126594
0.00239731
0.00426146
0.00151478
0.00685172
0.00414749
0.00116223
0.000299021
0.00502771
0.0670697
0.0024429
0.0152509
0.170324
0.00571591
0.00526212
0.0133937
0.023157
0.678638
0.0042975
0.0087709
0.00310629
0.0147416
0.00556055
0.0337966
0.00236432
0.00110093
0.00204207
0.0108477
0.00283856
0.0434111
0.000307633
0.0942735
0.000124656
0.0158936
0.000563787
0.000880375
0.00449594
0.00369778
0.00583963
0.000466846
0.000114638
0.0117275
0.00122026
0.000962458
0.00201469
0.000554477
0.0426582
0.00160386
0.0229218
0.00038896
0.0066954
0.0482242
0.00991115
0.00204207
0.000983143
0.00263405
0.000671493
0.00745368
0.000602446
0.010718
0.17012
0.000303459
0.0587655
0.00182244
0.839293
0.0251628
0.000919758
0.000980358
0.00204019
0.021368
0.0041908
0.019276
0.24
0.000195096
0.00146251
0.24
0.493939
0.00334467
0.0003302
0.0586777
0.00160386
0.0133937
0.00168707
0.00100359
0.914213
0.00380604
0.00164347
0.000313467
0.808728
0.0103899
0.758922
0.63786
0.0132665
0.00764108
0.0131164
0.000299021
0.000727257
0.00368349
0.138473
0.0018875
0.019633
0.138473
0.0020656
0.0199011
0.00250866
0.0690356
0.00169439
0.00481323
0.00133439
0.00111376
0.000312063
0.0107734
0.000162183
0.0430973
0.00551895
0.019874
0.0589569
0.00187806
0.00174823
0.0204945
0.00152891
0.0155502
0.00129607
0.00361559
0.0323315
0.00427285
0.00593743
0.00382837
0.000132449
0.00787461
0.0436448
0.000411651
0.00254062
0.0135303
0.00211555
0.00707881
0.00850141
0.219364
0.0122932
0.00120664
0.00168245
0.00202904
0.00611615
0.0143824
0.00147102
0.00126228
0.635989
0.00508635
0.0112764
0.012149
0.0018525
0.000956898
0.000831226
0.00244194
0.00111267
0.010061
0.00755016
0.00274176
0.000338869
0.00277059
0.850027
0.0018875
0.00182644
0.00376973
0.0099555
0.388377
0.095124
0.0209058
0.949876
0.819484
0.00595978
0.0106287
0.477764
0.000717802
0.0105173
0.122834
0.000312063
0.000413896
0.095961
0.000115864
0.0212065
0.00745456
0.000213268
0.00499294
0.366026
0.0733701
0.00827343
0.0010532
0.0185406
0.00151478
0.028975
0.00136186
0.524728
0.00551895
0.00148599
0.00173558
0.000322494
0.0235264
0.00079293
0.00289871
0.297994
0.0280618
0.00279204
0.426287
0.00138221
0.203954
0.00813096
0.0746006
0.00659385
0.00308038
0.367823
0.000813475
0.000166314
0.00358612
0.0233305
0.973985
0.00606788
0.000162183
0.00754461
0.00161871
0.00217476
0.273718
0.000123308
0.000206847
0.000846086
0.00387817
0.000149731
0.0399665
0.00293304
0.0095392
0.013521
0.021281
0.327183
0.000345754
0.00384909
0.00132156
0.0147416
0.000454554
0.366143
0.000962613
0.000494255
0.00225503
0.00164817
0.00151478
0.00207126
7.4686e-05
0.808838
0.0232439
0.00368349
0.00957759
0.834339
0.00038272
0.039595
0.00299826
0.27541
0.000303389
0.010787
0.0165613
0.00154459
0.0141467
0.011728
0.00492597
0.00119443
0.00114322
0.000379702
0.0015812
0.00386053
0.0909091
0.00126467
0.00154459
0.0036834
0.0014135
0.000950817
0.0287347
0.00269336
0.0105173
0.00368183
0.000322494
0.000307633
0.00201669
0.00394677
0.0258962
0.00595352
0.00369778
0.000618717
0.00682504
0.00249113
0.0393811
0.00426525
0.00403321
0.000471445
0.0380738
0.577061
0.00223283
0.0147354
0.00131707
0.000146845
0.00499294
0.0272213
0.010076
0.000570574
0.247684
0.0132453
0.15877
0.0013254
0.00145906
0.000163342
0.00382837
0.00223007
0.00108615
0.0531888
0.00654128
0.000638651
0.44174
0.0133937
0.000345661
0.0168977
0.0155562
0.00356971
0.00995278
0.000601642
0.0159771
0.010639
0.000278249
0.000262276
0.0015252
4.5152e-05
0.795672
0.0145226
0.00755016
0.00237921
0.000325148
0.40679
0.000806116
0.00083182
0.0287682
0.574744
0.00508913
0.0325354
0.944314
0.00236798
0.788043
0.00652743
0.00346522
0.00154459
0.000494731
0.01411
0.0455452
0.00286297
0.0114536
0.00175288
0.000747749
0.00471359
0.0415495
0.00315077
0.00251342
0.00157305
0.00351709
0.826809
0.00275574
0.000126351
0.00328373
0.847199
0.00208168
0.0067787
0.0132453
0.000596105
0.00208108
0.0901144
0.000638651
0.00792227
0.0686213
0.00751766
0.000661139
0.000258492
0.000504424
0.00213585
0.00235777
0.00277077
0.000241295
0.0232614
0.0133937
0.358912
0.0235264
0.0329037
0.00170734
0.009456
0.00183518
0.00152533
0.000821048
0.00364978
0.726764
0.0196974
0.0337966
0.000653342
0.00395706
0.578881
0.00510997
0.000484143
0.00626476
0.000618657
0.0112658
0.00714662
0.0102958
0.00894749
0.00566298
0.889853
0.62573
0.000650604
0.834339
0.00514321
0.000320964
0.00499294
0.00151478
0.00894179
0.00115203
0.00788642
0.00759927
0.000146845
0.00471359
0.0189555
0.00190359
0.000190678
0.00875342
0.00365663
0.03462
0.0017387
0.00238176
0.0751174
0.00433839
0.0193743
0.000514748
0.0105173
0.00170362
0.0117769
0.0351519
0.00111267
0.000717802
0.00931234
0.00872114
0.00064323
0.00106555
0.00762918
0.000151544
0.0141467
0.0016641
0.000264582
0.00134616
0.019658
0.00174149
0.00279204
0.00215238
0.0380738
0.00231049
0.515446
0.00508635
0.262095
0.00794057
0.000371538
0.00389994
0.00121703
0.273933
0.0283352
0.0121575
0.00154275
0.000609705
0.00418504
0.00543379
0.000319089
0.208716
0.000696535
0.00147102
0.00171533
0.870093
0.00231049
0.271458
0.000618006
0.000578143
0.000308908
0.00309391
0.0115881
0.0041383
0.0030805
0.0174863
0.122404
0.0257026
0.0041383
0.00613111
0.000299021
0.0059362
0.000307633
0.00279204
0.0133937
0.0160213
0.0107734
0.00204355
0.00521903
0.000578087
0.0244414
0.00311028
0.0025715
0.00896241
0.00180118
0.00450562
0.00163394
0.0108477
0.00564003
0.0133937
0.0550071
0.00128657
0.00760506
0.0121873
0.0170303
0.000220302
0.538543
0.000345589
0.00273046
0.00408888
0.0128714
0.000482501
0.00113112
0.000825224
0.00198429
0.00222114
0.00142075
0.0482504
0.000299752
0.668873
0.00499294
0.00524332
0.0745606
0.00279204
0.0248348
0.000728644
0.0117769
0.00149408
0.0150073
0.00787635
0.00438582
0.010061
0.000325148
0.00807807
0.247151
0.00273218
0.00521903
0.0105173
0.0698011
0.071501
0.000897569
0.0250034
0.00417311
0.00233662
0.00078761
0.00178386
0.000116826
0.000130811
0.122404
0.00108615
0.00391423
0.0279057
0.0105173
0.000114638
0.234065
0.000844011
0.00741177
0.000325148
0.000307633
0.00751766
0.00486103
0.00138351
0.00647116
0.000972255
0.021281
0.00486406
0.00508913
0.851939
0.00593743
0.0643203
0.0463712
0.000853813
0.00571591
0.00288263
0.426043
0.000633325
0.0393549
0.00536792
0.022316
0.0244414
0.00991115
0.00226975
0.427677
0.00519926
0.00135401
0.00426146
0.0176662
0.00841453
0.00115203
0.019874
0.00033072
0.00404631
0.00375583
0.00377253
0.0015568
0.00543608
0.00378269
0.00538654
0.0039104
0.455773
0.000214789
0.212372
0.014461
0.0405912
0.0105115
0.302123
0.0200748
0.0147676
0.00231049
0.0311982
0.563381
0.000267884
0.00958855
0.00471359
0.0368235
0.0189112
0.00130025
0.000335911
0.00316543
0.000589112
0.0287147
0.0249752
0.0101981
0.0010899
0.0527766
0.579097
0.000319089
0.000820462
0.000817434
0.000124656
0.0133937
0.022161
0.097454
0.000123308
0.0165755
0.000327846
0.0107369
0.00071064
0.00126268
0.0133937
0.0018875
0.00556055
0.0321628
0.00424147
0.00148997
0.853128
0.0389219
0.0400112
0.382774
5.21917e-05
0.000376778
0.000777379
0.0882671
0.00124837
0.0105173
0.0022229
0.0121578
0.0688965
0.00231049
0.0109704
0.00383945
0.00402146
0.00101648
0.108582
0.494094
0.00459031
0.00208077
0.00196015
0.000166314
0.0837433
0.169467
0.00267564
0.00364978
0.00166447
0.00375799
0.00941603
0.0195222
0.00283856
0.000484275
0.00172427
0.00577955
0.00324518
0.00564003
0.000377955
0.019674
0.00173793
0.000299752
0.0176681
0.00494183
0.595648
0.0144485
0.0140349
0.000421185
0.00450562
0.0002036
0.00129878
0.00699385
0.00384795
0.432886
0.000345589
0.000307633
0.813534
0.00038896
0.0762813
0.0151068
0.00297461
0.000310997
0.00142623
0.00152226
0.651332
0.000551661
0.000345661
0.00348963
0.00385627
0.0121575
0.000846815
0.0101679
0.24
0.0230067
0.00321751
0.00494183
0.00930871
0.0099555
0.326853
0.000816663
0.92655
0.0151068
0.000188191
0.00231049
0.00697711
0.000608578
0.00580951
0.00320811
0.00592162
0.00063575
0.00315806
0.0426925
0.00147102
0.00322026
0.000561808
0.00125301
0.00567247
0.000810705
0.000126726
0.00499294
0.000264223
0.000712193
0.025395
0.00499294
0.00180127
0.00703096
0.0167966
0.00667312
0.00071577
0.0002055
0.00703096
0.00100739
0.000829689
0.0273178
0.000608578
0.00408884
0.0851414
0.0018875
0.00352507
0.0003901
0.000355922
0.00322026
0.00241558
0.000375817
0.000840912
0.00112876
0.00314734
0.0023035
0.0243346
0.123853
0.00575721
0.0130251
0.0052848
0.00830194
0.00128598
0.00417311
0.0186496
0.0151182
0.366143
0.0333579
0.00203487
0.188501
0.00204207
0.0133937
0.0010899
0.852746
0.160135
0.000804799
0.24
0.0224663
0.00178191
0.000303384
0.000905501
0.00342327
0.000445336
0.0221082
0.000262002
0.00279204
0.00443539
0.315814
0.00221188
0.00153358
0.364993
0.000728644
0.0764125
0.000327846
0.010447
0.00536792
0.00581301
0.0250995
0.000115926
0.000643728
0.00816724
0.00301761
0.000294793
0.00122445
0.00317379
0.00223283
0.00153847
0.0347634
0.00110039
0.00593743
0.00114322
0.00402326
0.00204778
0.00267564
0.00215425
0.00241558
0.0015527
0.000189074
0.00606234
0.0185406
0.0753038
0.000441233
0.000316456
0.0143608
0.00175453
0.00452111
0.00033286
0.0404128
0.000299021
0.000467983
0.00796297
0.439537
0.319709
0.374362
0.0437932
0.0036834
0.0175592
0.000731166
0.0386612
0.00119275
0.0013745
0.000396402
0.0937082
0.000123308
0.0149027
0.000677025
0.0011858
0.00384909
0.00341591
0.0165879
0.00124694
0.064288
0.00081605
0.000244122
0.000306969
0.0361985
0.00187423
0.00227936
0.00256046
0.0113063
0.00508635
0.0070728
0.00244194
0.00628872
0.00315077
0.00131028
0.00175453
0.000929586
0.369782
0.00317671
0.000691007
0.00174149
0.0068072
0.00267969
0.0315022
0.0106658
0.570032
0.000589008
0.014461
0.00611871
0.00358612
0.000618006
0.00603993
0.00217364
0.00235592
0.00432043
0.00202904
0.0099555
0.00683362
0.00241718
0.00927303
0.000840912
0.000697128
0.189005
0.00789879
0.0133937
0.0351519
0.00391423
0.00174488
0.0321605
0.00472524
0.00182257
0.000697128
0.00135401
0.901481
0.00181642
0.216078
0.000911319
0.000699408
0.513178
0.00301684
0.00629092
0.00497717
0.0398707
0.000880375
0.00049082
0.0005562
0.0070379
0.0121575
0.0416845
0.00660609
0.000708968
0.000126594
0.0782287
0.222699
0.00425046
0.00131482
0.01411
0.00197141
0.00807807
0.0341059
0.00703096
0.0059362
0.00215238
0.000506765
0.000905315
0.00135334
0.000359124
0.00683362
0.000124656
0.00115203
0.000720607
0.00407029
0.0132453
0.00969842
0.000307633
0.0013421
0.00395166
0.000325148
0.00499294
0.00465666
0.000437449
0.0260885
0.0140082
0.00875179
0.000266501
0.00627903
0.377639
0.000345589
0.000306969
0.0250047
0.00148209
0.00111376
0.012438
0.000421104
0.00151478
0.00057078
0.00233864
0.00805034
0.000527871
0.00562875
0.0254875
0.0003901
0.045415
0.0262591
0.00876105
0.429053
0.00233662
0.00083182
0.0041032
0.000557246
0.432886
0.00406674
0.0189885
0.00499294
0.0698011
0.0394543
0.00349721
0.00392861
0.0275943
0.00310629
0.00804641
0.000302409
0.000449156
0.000366859
0.00499294
0.000602219
0.000583105
0.0141467
0.00333102
0.000245481
0.00395706
0.00797302
0.00417267
0.000674723
0.00293304
0.0428378
0.0178316
0.00369109
0.000905501
0.00630426
0.00113112
0.0018314
0.150838
0.0403133
0.000576599
0.000377674
0.000322494
0.00244227
0.00557935
0.00426146
0.00816316
0.00072209
0.000211269
0.122107
0.000784352
0.00671314
0.00166447
0.000374359
0.00208077
0.0107369
0.00149802
0.0529829
0.00854001
0.014461
0.0203564
0.0399665
0.010433
0.0196974
0.0345015
0.00172499
0.000535057
0.00154459
0.00517253
0.869741
0.030214
0.000132449
0.00590847
0.00167554
0.0024429
0.00418504
0.000535057
0.00686088
0.00407345
0.00335728
0.00337029
0.518015
0.0196212
0.00601674
0.00082679
0.000909244
0.0107369
0.0024001
0.00445436
0.036722
0.000351356
0.00595352
0.329668
0.00988531
0.0145226
0.0577918
0.00603993
0.00049082
0.00751766
0.00792227
0.00743852
0.0153186
0.0510883
0.000572956
0.00952723
0.00023808
0.0587717
8.21067e-05
0.410615
0.0910371
0.00155676
0.0133937
0.00498107
0.00508635
0.0334627
0.0156747
0.00325561
0.00158123
0.00413865
0.710084
0.000958146
0.000319089
0.000770686
0.000337945
0.00168707
0.0470159
0.00168707
0.0132453
0.00398612
0.00464346
0.0537193
0.00191878
0.0345015
0.000839579
0.0350999
0.00564003
0.000206847
0.00105765
0.00502771
0.00808208
0.00481323
0.00414749
0.00256046
0.00521903
0.00156211
0.000912177
0.000820025
0.598468
0.0824645
0.0087695
0.0655882
0.236042
0.00219976
0.0087721
0.000110278
0.00471359
0.0337966
0.0200149
0.00228009
0.0906381
0.0016989
0.023526
0.000844974
0.131197
0.00243455
0.0046708
0.0016989
0.00223283
0.0124189
0.0954158
0.00100739
0.0121099
0.0825527
0.022161
0.00201469
0.0836332
0.204856
0.678593
0.00508635
0.00193026
0.0141467
0.00302048
0.140377
0.000731628
0.00116088
0.00682504
0.00498107
0.823615
0.550315
0.0137168
0.000209606
0.00997369
0.00279204
0.0205288
0.0761457
0.00389374
0.0193743
0.00116198
0.00364112
0.0125146
0.251974
0.000375817
0.00458547
0.00556055
0.00214482
0.00962156
0.350424
0.000840912
0.00807807
0.00240415
0.00279204
0.350424
0.0180297
0.704149
0.000719073
0.000929586
0.00106378
0.00708886
0.00411904
0.000554014
0.00794301
0.0085315
0.00163339
0.00580021
0.930398
0.0417382
0.00310629
0.00146799
0.000859773
0.00472414
0.0190484
0.0125638
0.127409
0.00125937
0.00289871
0.00393099
0.0389219
0.0255006
0.104612
0.0356904
0.00151419
0.000683258
0.00419624
0.0003302
0.0195271
0.00488858
0.000561808
0.00078761
0.0030373
0.015264
0.00762918
0.00688271
0.00113223
0.00151509
0.00038896
0.00391423
0.00145902
0.00589567
0.000325148
0.00172096
0.24
0.81222
0.00506439
0.000634822
0.0076007
0.000524323
0.0228968
0.00103132
0.026877
0.00522422
0.000326645
0.0393811
0.00133439
0.00937957
0.00297823
0.000343865
0.00798498
0.0152777
0.000143436
0.0122191
0.00254601
0.000299021
0.0171394
0.000118673
0.141429
0.00950848
0.000394446
0.00665695
0.000589008
0.0356723
0.00405978
0.0546655
0.00207147
0.00595978
0.0093141
0.611735
0.00189284
0.000287713
0.73091
0.00256046
0.00111376
0.0134587
0.000375817
0.014461
0.0144648
0.00592593
0.00720255
0.00306644
0.00486406
0.00205764
0.00244194
0.00175288
0.000244122
0.00396942
0.0458269
0.00709137
0.000306969
0.396981
0.686921
0.0400112
0.0220773
0.0023462
0.000738016
0.179579
0.0121575
0.00603993
0.000349072
0.0021553
0.323002
0.000981576
0.00255229
0.0703089
0.0926778
0.00138347
0.0133937
0.450458
0.000554477
0.000325148
0.0122455
0.00266238
0.00114882
0.00591028
0.00269336
0.00598197
0.00208077
0.00610559
0.00762918
0.0755884
0.00222714
0.000821193
0.00293295
0.00125647
0.00792227
0.00471359
0.0127558
0.0075556
0.000210171
0.0005562
0.0018854
0.00174824
0.000331381
0.00454823
0.026877
0.00543782
0.00164472
0.0386603
0.020599
0.000623015
0.0313644
0.00201669
0.00771597
0.00699385
0.00266305
0.00435875
0.00140404
0.000886545
0.00557399
0.00240917
0.00144166
0.00028653
0.00151972
0.0133937
0.0140961
0.000804799
0.000628163
0.0128618
0.00130781
0.0429087
0.00278642
0.00794301
0.00874336
0.0275137
0.000608578
0.00642167
0.00223007
0.124513
0.000181446
0.583843
0.000840912
0.000809497
0.000712193
0.00165291
0.00154459
0.0069778
0.0059362
0.0137168
0.00120505
0.0237745
0.000983143
0.00595978
0.0194029
0.0247856
0.00282184
0.00121676
0.0133937
0.432886
0.0998765
0.00168707
0.00145906
0.000257929
0.00669524
0.0249585
0.000331517
0.00207138
0.000999902
0.0123566
0.362576
0.0244663
0.000569763
0.000609627
0.00498107
0.00589567
0.0141467
0.000524323
0.00926569
0.0018875
0.000708968
0.000535057
0.022316
0.24
0.0062
0.000628174
0.000466978
0.00168577
0.00206644
0.551328
0.00521903
0.0101679
0.00101456
0.00178373
0.00427285
0.0193951
0.00294563
0.0006781
0.0424818
0.000262394
0.00357247
0.00419624
0.00546335
0.00035673
0.0223475
0.00299128
0.00279204
0.000262276
0.00277077
0.00231049
0.0329037
0.00190644
0.00603993
0.0364859
0.000540479
0.0368235
0.248799
0.0425438
0.00181739
0.00153987
0.0099555
0.00315077
0.00365842
0.000608578
0.050179
0.00249077
0.00766625
0.0018854
0.305555
0.000962613
0.0424997
0.00537058
0.000643632
0.00140404
0.0330342
0.0101333
0.002433
0.173672
0.00106378
0.000592615
0.000257898
0.0210059
0.000215202
0.000799608
0.0586777
0.0200149
0.000582478
0.000469872
0.0527766
0.00152663
0.00108615
0.00124442
0.00391775
0.00204019
0.00365663
0.00567247
0.00272069
0.0169266
0.000636542
0.0036143
0.0023035
0.0180946
0.000174827
0.000477644
0.00351709
0.00498107
0.0122314
0.446023
0.00115571
0.000545143
0.665755
0.000214789
0.00528432
0.00264677
0.00794301
0.00393099
0.00290083
0.00279204
0.00414749
0.000901599
0.00309988
0.00112233
0.00720621
0.00872209
0.00801631
0.0011521
0.000209606
0.0104942
0.00383671
0.000818143
0.0018875
0.00605438
0.00350655
0.597795
0.198498
0.00516773
0.00689414
0.00302914
0.000720607
0.00348251
0.00267564
0.234065
0.000315141
0.00273578
0.00881115
0.0010532
0.00113223
0.00141973
0.000345589
0.00699385
0.404171
0.000618657
0.000211822
0.0175551
0.0051879
0.0463185
0.000130811
0.00199494
0.0133937
0.000265203
0.000225073
0.323002
0.00619736
0.00551927
0.00180275
0.000150042
0.00645917
0.00370061
0.0438121
0.000310997
0.00590508
0.00110823
0.00595978
0.00109099
