0.00662397
0.00815358
0.00256318
0.00669813
0.145919
0.548892
0.0366411
0.00022523
0.0309604
0.109672
0.00949292
0.00589072
0.0727542
0.00359128
0.987284
0.171183
0.005221
0.41289
0.0067723
0.00352726
0.810752
0.0182459
0.00184857
0.472563
0.966073
0.240942
0.00527736
0.031389
0.0135378
0.736882
0.329257
0.411377
0.000467232
0.269195
0.00121454
0.998968
0.026868
0.767481
0.0005479
0.283415
0.179924
0.97997
0.121018
0.00113738
0.00119085
0.00696964
0.0354018
0.0174158
0.0427907
0.0333959
0.0419302
0.00642153
0.495192
0.687442
0.972224
0.00331751
0.0100076
0.0704579
0.0341368
0.0844359
0.758388
0.0277235
0.0841372
0.481644
0.0162826
0.0233844
0.00320739
0.660457
0.978667
0.00434582
0.192733
0.869827
0.372444
0.000988195
0.0879244
0.191711
0.032166
0.0106145
0.0158848
0.00193837
0.729606
0.715224
0.0417818
0.00317235
0.0531989
0.0536196
0.927362
0.123818
0.0508809
0.0353752
0.0504092
0.905663
0.447417
0.340999
0.00515992
0.00882961
0.273724
0.216278
0.983018
0.0118743
0.102206
0.037211
0.859918
0.00359128
0.441122
0.840869
0.0329969
0.0125526
0.00882553
0.143881
0.00282871
0.0430769
0.0323341
0.588079
0.779316
0.776043
0.0488884
0.137782
0.937292
0.191697
0.674563
0.567401
0.00149929
0.440032
0.363159
0.0569223
0.69707
0.039279
0.0150073
0.0801666
0.958155
0.0304401
0.881584
0.014197
0.000142211
0.376603
0.0241101
0.000891203
0.509406
0.0307251
0.00669203
0.189734
0.0589061
0.00301022
0.0314295
0.00178776
0.0473246
0.972242
0.971915
0.0189636
0.0948266
0.0693584
0.885221
0.956291
0.235786
0.00877725
0.231634
0.372444
0.625531
0.0167441
0.937845
0.881584
0.758942
0.0224449
0.00532234
0.00221981
0.602795
0.0987921
0.00103315
0.325987
0.00165936
0.794981
0.0224449
0.840869
0.147789
0.00133995
0.0121808
0.0402783
0.00843478
0.0158778
0.0140154
0.129438
0.943823
0.00220908
0.0180749
0.810986
0.862117
0.245059
0.902076
0.13687
0.594202
0.881027
0.0143472
0.0393402
0.0577312
0.956858
0.0448231
0.802421
0.0260687
0.00880374
0.00389305
0.118513
0.0136106
0.00203002
0.016415
0.753094
0.0166349
0.752045
0.0426092
0.817408
0.0075492
0.00337782
0.352221
0.00241137
0.834543
0.023744
0.212793
0.0222934
0.00999787
0.0121337
0.172031
0.390015
0.64579
0.994372
0.00486332
0.020241
0.377018
0.33479
0.905663
0.00453396
0.870003
0.00237379
0.0205497
0.547244
0.776043
0.256186
0.0248871
0.179816
0.992178
0.0141009
0.0410942
0.117966
0.0125845
0.0403721
0.0100076
0.0106773
0.00798771
0.563995
0.0543903
0.00479068
0.00132318
0.20109
0.00699697
0.000591771
0.0370272
0.221036
0.777196
0.881311
0.972224
0.989502
0.869716
0.0321603
0.0117099
0.0157912
0.490382
0.934973
0.0508303
0.652081
0.0568253
0.00636141
0.998123
0.0225426
0.00215461
0.918645
0.0112087
0.00881707
0.0866508
0.169804
0.128389
0.971915
0.00898028
0.209304
0.298036
0.00183437
0.0407193
0.401608
0.809947
0.00164508
0.0566682
0.129438
0.285596
0.0348916
0.0162368
0.0643328
0.0447622
0.814598
0.00389643
0.992178
0.720645
0.0204371
0.834425
0.216272
0.319511
0.933667
0.00783678
0.00898813
0.047717
0.20097
0.00567222
0.0184455
0.091904
0.467084
0.0635416
0.9871
0.97658
0.0224364
0.91109
0.822395
0.474998
0.851191
0.868674
0.0988064
0.025243
0.921916
0.959637
0.0238105
0.997456
0.00173716
0.293216
0.00465917
0.0668492
0.0115416
0.046651
0.0121038
0.0873758
0.0206346
0.978666
0.00439201
0.0844359
0.807488
0.027918
0.417233
0.110817
0.00415376
0.707978
0.222219
0.0669529
0.0987921
0.00113738
0.0441895
0.000306248
0.0307985
0.0140915
0.0167626
0.0102932
0.00648572
0.573006
0.0104364
0.924497
0.0108111
0.556903
0.0140154
0.0119719
0.0315858
0.0299406
0.0128871
0.00833267
0.0145586
0.533612
0.242951
0.00435258
0.111699
0.828201
0.0407792
0.00338981
0.85202
0.135417
0.267084
0.0473246
0.00146769
0.0178438
0.025046
0.0867411
0.0206346
0.00704175
0.032964
0.0439944
0.00120239
0.612921
0.0184266
0.000627821
0.0355207
0.0205232
0.0410942
0.887376
0.0125539
0.922645
0.195257
0.0342063
0.659071
0.00906623
0.0390855
0.647225
0.795507
0.003412
0.00455304
0.0102217
0.868403
0.0024368
0.0637308
0.0143034
0.0373991
0.0301652
0.16768
0.00240528
0.221036
0.0560379
0.301578
0.0175414
0.400841
0.013493
0.0305144
0.508171
0.00691369
0.938693
0.0120721
0.538822
0.812858
0.0569223
0.0693584
0.0197583
0.00204403
0.260763
0.242951
0.562683
0.114679
0.000489384
0.0312735
0.0433707
0.00257519
0.288626
0.683558
0.0946087
0.00804576
0.000745607
0.0114018
0.156034
0.278421
0.0100076
0.00974511
0.0248871
0.00418791
0.0473246
0.902366
0.0102393
0.121767
0.022222
0.788707
0.0815881
0.855327
0.754125
0.00906623
0.93825
0.0105802
0.022222
0.292429
0.0173179
0.000433724
0.468721
0.0678813
0.00579997
0.0847331
0.941489
0.00941108
0.812485
0.0418202
0.00314853
0.148853
0.00113556
0.00882961
0.00507873
0.301358
0.00471128
0.889661
0.775219
0.00642273
0.179816
0.483616
0.0709073
0.938842
0.048854
0.00415376
0.921916
0.687995
0.534584
0.0583801
0.118047
0.0291873
0.987534
0.724862
0.0113182
0.868115
0.0433136
0.183978
0.69707
0.0145738
0.775219
0.00295788
0.0278276
0.527205
0.0621448
0.000849893
0.00721984
0.00247678
0.166942
0.789424
0.983863
0.285845
0.477411
0.00216952
0.0413355
0.0854509
0.00394928
0.577016
0.00453182
0.211999
0.0676563
0.0495535
0.577947
0.00463647
0.837084
0.0497346
0.00964029
0.0236083
0.0353862
0.871339
0.927884
0.00390092
0.00121454
0.830845
0.162512
0.977162
0.175782
0.0352861
0.00352046
0.000173385
0.956275
0.0632274
0.00366859
0.00154555
0.0624785
0.023744
0.279709
0.874419
0.00424159
0.777196
0.00114958
0.0680695
0.997428
0.00667102
0.0091564
0.00499302
0.0173179
0.00410995
0.00797674
0.036691
0.0355207
0.0425759
0.0163225
0.881584
0.128979
0.00144334
0.0236669
0.00251797
0.0987921
0.0298854
0.028008
0.00295788
0.915947
0.0270481
0.0341368
0.00932979
0.722488
0.0499007
0.0712571
0.020241
0.862559
0.79645
0.989638
0.289111
0.420338
0.986592
0.00797674
0.0350709
0.0266185
0.0145276
0.00220446
0.0109143
0.0484831
0.097669
0.00765692
0.121152
0.940029
0.610252
0.00699697
0.889661
0.0984851
0.0378364
0.093613
0.236196
0.75991
0.0590172
0.00544937
0.0135378
0.00111701
0.89744
0.000845744
0.0118743
0.506705
0.00672325
0.811932
0.209162
0.0183109
0.882863
0.442385
0.0500571
0.153132
0.487273
0.0119628
0.0366271
0.692403
0.00153055
0.0368733
0.672142
0.0354018
0.0236083
0.227403
0.791889
0.0137635
0.00173676
0.0269422
0.00284909
0.051092
0.100425
0.00195671
0.136445
0.00267954
0.0341242
0.0241101
0.937769
0.0195276
0.0225933
0.0102693
0.0364497
0.900656
0.0373829
0.933549
0.00508036
0.00707295
0.953352
0.114787
0.436891
0.917412
0.043096
0.00162538
0.261562
0.121018
0.163393
0.283455
0.0234388
0.00804623
0.00401987
0.00406664
0.121703
0.0502437
0.900644
0.0324108
0.020241
0.344354
0.201909
0.849854
0.251377
0.0114892
0.442385
0.563651
0.00529065
0.898882
0.0261358
0.0108111
0.0163323
0.0265061
0.581623
0.0212509
0.0763357
0.824229
0.0102393
0.889035
0.00685222
0.00349719
0.63508
0.980622
0.0181255
0.901036
0.0307251
0.931815
0.0473256
0.0111764
0.771901
0.047717
0.0879844
0.887161
0.00807951
0.0108111
0.51772
0.316526
0.0017293
0.0267665
0.849854
0.00341894
0.0177867
0.0163323
0.00797972
0.388382
0.00173676
0.00344852
0.00811181
0.0427393
0.00120858
0.0563297
0.0808989
0.336319
0.00750052
0.040325
0.505433
0.0505714
0.861102
0.0569223
0.812104
0.0582589
0.0227565
0.971951
0.0102217
0.583917
0.00331751
0.00572678
0.192733
0.000308851
0.796534
0.0242782
0.978666
0.487258
0.0144888
0.0285824
0.0354018
0.0135378
0.0275921
0.0102393
0.829946
0.150821
0.864396
0.00247678
0.000781226
0.0563107
0.333879
0.909068
0.806296
0.0344602
0.0046493
0.640076
0.0623598
0.0291873
0.0054735
0.0720078
0.0279291
0.889521
0.0017293
0.0807475
0.0115404
0.162873
0.0224364
0.00508173
0.0997041
0.00218767
0.191711
0.0461436
0.0156423
0.126329
0.0643328
0.038675
0.00480728
0.529105
0.183245
0.00124704
0.0993694
0.0344713
0.648124
0.708663
0.00197704
0.0044871
0.00135645
0.970494
0.00590485
0.0338428
0.00947629
0.00295788
0.187762
0.652269
0.025046
0.746912
0.0360277
0.00545395
0.0568253
0.983018
0.023744
0.102711
0.048854
0.978666
0.893636
0.0207022
0.0456176
0.00804576
0.637703
0.00225864
0.331951
0.286912
0.0052744
0.000324682
0.0178317
0.692403
0.0655404
0.0136886
0.827738
0.00854977
0.0343339
0.93084
0.10972
0.615026
0.845028
0.847672
0.0854509
0.710237
0.0834756
0.0108111
0.062889
0.0360277
0.0039637
0.0574826
0.0536814
0.023014
0.105981
0.0603305
0.56104
0.0177891
0.259293
0.00589072
0.955513
0.900248
0.0944651
0.00515934
0.0315425
0.0120721
0.0189829
0.29449
0.942104
0.815254
0.33894
0.0736297
0.796534
0.0342063
0.827614
0.00132569
0.060441
0.105114
0.933941
0.889273
0.0382381
0.121898
0.00669813
0.00835838
0.976203
0.0108863
0.102157
0.384312
0.0039637
0.242951
0.00814256
0.00974986
0.0549093
0.128328
0.0297226
0.569984
0.692403
0.111357
0.348111
0.000275128
0.946124
0.0269422
0.0327946
0.868418
0.118301
0.656613
0.0017221
0.0645883
0.825155
0.397593
0.00337682
0.989502
0.000395356
0.129923
0.501959
0.0307251
0.0523507
0.875796
0.33479
0.0621875
0.0596301
0.00584198
0.777196
0.0217456
0.00572678
0.04507
0.140335
0.934303
0.232818
0.535847
0.989559
0.126329
0.046651
0.33479
0.916893
0.348765
0.0174408
0.0117185
0.324795
0.00601043
0.989792
0.0554788
0.00153872
0.051092
0.00789982
0.409299
0.0303197
0.023744
0.00505633
0.00556365
0.12294
0.00121715
0.268956
0.00535709
0.139932
0.00726463
0.73793
0.122638
0.006344
0.0145812
0.0128521
0.00593717
0.620877
0.723778
0.0600456
0.0281982
0.273809
0.00417813
0.00439201
0.0247066
0.0113792
0.873427
0.0173179
0.00495695
0.913282
0.17473
0.221377
0.336886
0.811932
0.00642153
0.0543903
0.944896
0.0456176
0.95945
0.00324203
0.994082
0.0272414
0.000241606
0.00384937
0.00559672
0.708459
0.0697769
0.646006
0.00960458
0.0119974
0.0209989
0.204759
0.965821
0.109555
0.0251377
0.0583159
0.0104431
0.951427
0.915947
0.661603
0.148011
0.00401987
0.00602751
0.0100076
0.0236652
0.161703
0.00218767
0.801738
0.797079
0.00733443
0.00642203
0.00964029
0.00290661
0.86587
0.0425759
0.856078
0.0243862
0.0597367
0.00642153
0.66774
0.862117
0.0222144
0.968138
0.0509454
0.409783
0.208879
0.000358627
0.00912915
0.454326
0.9832
0.0472371
0.482494
0.00801092
0.869246
0.187907
0.118139
0.0882511
0.0955322
0.247105
0.102014
0.000895393
0.00765708
0.0400089
0.00441751
0.434948
0.0122113
0.625531
0.735415
0.256078
0.0124062
0.300469
0.0499007
0.005221
0.829946
0.168152
0.000630768
0.242951
0.0065467
0.454235
0.0343797
0.314529
0.0534176
0.573006
0.981577
0.0302912
0.00128417
0.423986
0.00671787
0.0166349
0.0431258
0.541975
0.948902
0.00246245
0.404069
0.0243262
0.0300039
0.0399041
0.0231959
0.000958629
0.372444
0.0351898
0.0308889
0.9747
0.969033
0.00407925
0.592715
0.00301292
0.994201
0.00805311
0.944896
0.00571477
0.095739
0.260932
0.123004
0.924124
0.990044
0.930762
0.728393
0.00382576
0.00153445
0.628047
0.00711187
0.538822
0.00617929
0.0422941
0.990044
0.061238
0.917863
0.00467649
0.285008
0.00530142
0.0059375
0.00173676
0.0621448
0.0017293
0.00700668
0.00535709
0.0219281
0.221762
0.0104364
0.0131568
0.859918
0.755671
0.0235838
0.0256828
0.0264928
0.0794044
0.700007
0.0359817
0.744699
0.0118743
0.00305686
0.0469347
0.132321
0.00389592
0.00465917
0.91718
0.844232
0.00112545
0.034144
0.194104
0.0204371
0.522267
0.0412063
0.0536196
0.000510524
0.483616
0.898873
0.086148
0.380276
0.323694
0.940029
0.124492
0.9747
0.93517
0.509494
0.997844
0.000139683
0.923952
0.0840537
0.0236652
0.0475654
0.00827652
0.965777
0.0321603
0.568567
0.101759
0.00873354
0.33479
0.00117945
0.0183936
0.33479
0.0612318
0.0156828
0.0476925
0.155057
0.00439201
0.00261837
0.00727224
0.0105025
0.133308
0.0016444
0.00275587
0.00498884
0.946583
0.0327708
0.107518
0.454574
0.46574
0.0132794
0.346931
0.0139621
0.00363911
0.00964029
0.404069
0.0154451
0.0850564
0.97031
0.0101681
0.937292
0.00992526
0.0747919
0.852833
0.835155
0.0142419
0.382977
0.320157
0.0145479
0.0255206
0.0716986
0.867972
0.0364208
0.322264
0.0473246
0.718695
0.0131568
0.0469819
0.993082
0.00536804
0.00547595
0.0144452
0.983244
0.776043
0.00921093
0.0356797
0.945826
0.856547
0.000522622
0.92325
0.444816
0.0343797
0.0569223
0.320083
0.490945
0.0154946
0.0706327
0.881311
0.705048
0.00418791
0.0833344
0.953583
0.0317548
0.0354018
0.00499806
0.905663
0.0351045
0.00413172
0.00155776
0.0563296
0.0971573
0.00680094
0.0566682
0.929231
0.344503
0.0427907
0.02796
0.0949113
0.0261498
0.131
0.994064
0.915458
0.409299
0.983725
0.00973985
0.0847666
0.299724
0.0145738
0.0581478
0.678465
0.797641
0.0317068
0.961314
0.00633494
0.0173533
0.0310552
0.00968074
0.190598
0.00898028
0.00797972
0.942187
0.179973
0.94506
0.764302
0.0015037
0.400172
0.00153445
0.0955055
0.0129081
0.103509
0.867972
0.0088824
0.12585
0.0106707
0.0937498
0.110195
0.0222459
0.0980156
0.0687674
0.165527
0.0631706
0.0539408
0.0425254
0.0264506
0.963534
0.0033293
0.858771
0.935391
0.712566
0.00462752
0.0180749
0.97205
0.122638
0.00933132
0.00138599
0.0341242
0.881584
0.0459707
0.0580874
0.0273608
0.000241606
0.0162985
0.00440136
0.0260815
0.311146
0.0413355
0.00491913
0.0488458
0.054848
0.442385
0.00435526
0.000645293
0.00400569
0.0252921
0.0091743
0.0275921
0.745414
0.00108355
0.018723
0.0547161
0.00573112
0.152151
0.010447
0.0444828
0.45483
0.00964029
0.853101
0.41289
0.0170618
0.95682
0.842212
0.993862
0.00319693
0.30071
0.0689863
0.796086
0.776043
0.0536196
0.0152102
0.00537841
0.0118042
0.0105162
0.976503
0.00123706
0.371409
0.00222959
0.178305
0.0017293
0.00812404
0.00882961
0.0092762
0.690837
0.0430241
0.0245672
0.00146358
0.383143
0.00957756
0.986926
0.508171
0.0655942
0.132321
0.0204371
0.121898
0.00216559
0.204313
0.672574
0.0455239
0.0184266
0.856547
0.0558147
0.0248871
0.0114101
0.754635
0.000678523
0.02612
0.955036
0.687886
0.0299629
0.037542
0.00526752
0.870003
0.656887
0.187932
0.00971357
0.0350709
0.00629325
0.00317395
0.645096
0.0184537
0.032139
0.209162
0.0154451
0.892234
0.00790164
0.919657
0.465792
0.146742
0.68173
0.590217
0.929695
0.00227055
0.63719
0.00198935
0.0383824
0.372444
0.195981
0.929231
0.135217
0.0825049
0.380113
0.0184082
0.0344935
0.650977
0.0395418
0.574201
0.486535
0.0354018
0.705048
0.0035243
0.0996531
0.0295616
0.164876
0.00124608
0.978666
0.00501541
0.0157362
0.0533971
0.0997041
0.547225
0.060441
0.885221
0.0241611
0.0413355
0.194172
0.00813826
0.946167
0.00392412
0.00736394
0.920374
0.879647
0.0681708
0.032654
0.0016444
0.00462752
0.172031
0.429295
0.0143472
0.00218767
0.278301
0.876242
0.108597
0.00802379
0.0272337
0.0650524
0.0442329
0.075172
0.00177444
0.141907
0.235812
0.0412368
0.04381
0.124244
0.0284798
0.0915537
0.137927
0.00422754
0.538822
0.0245725
0.295668
0.532481
0.117966
0.0135517
0.0678388
0.133846
0.0844359
0.0148741
0.639625
0.000709591
0.822395
0.155092
0.951427
0.0579453
0.0872501
0.0580874
0.0558147
0.488697
0.41289
0.0209989
0.0180929
0.843852
0.00695186
0.951427
0.984288
0.213593
0.0774977
0.000118491
0.946164
0.905864
0.0138233
0.562434
0.959842
0.0241101
0.0109075
0.983018
0.0938946
0.194652
0.0101095
0.305987
0.757633
0.0163225
0.0041846
0.791857
0.812528
0.0834756
0.165506
0.00512175
0.00103315
0.00471128
0.944174
0.0153822
0.0059029
0.0493541
0.0212509
0.987259
0.3934
0.438844
0.98664
0.393052
0.99596
0.812528
0.0102393
0.0982799
0.973086
0.0136577
0.0114437
0.00218659
0.422631
0.000596369
0.513103
0.752045
0.759833
0.0101681
0.000515145
0.997303
0.0361857
0.00699697
0.0725435
0.0572574
0.941486
0.109804
0.075123
0.0102393
0.00305986
0.0132858
0.663042
0.000364865
0.075172
0.000483869
0.0379021
0.965251
0.963216
0.0946087
0.606603
0.0867813
0.0194532
0.449858
0.827706
0.958572
0.986502
0.0114585
0.0131568
0.00972628
0.940558
0.58385
0.0222489
0.723778
0.0108863
0.827738
0.190352
0.00582748
0.756789
0.0266185
0.0235838
0.481606
0.0863276
0.230619
0.00146769
0.00736081
0.988327
0.998858
0.00124704
0.235867
0.0225395
0.7476
0.00162538
0.384893
0.0206346
0.10151
0.00820986
0.0926813
0.724749
0.000642569
0.377018
0.266963
0.958941
0.633586
0.040325
0.507367
0.0709073
0.965097
0.821623
0.990044
0.87822
0.445664
0.0266014
0.372444
0.0566682
0.0278904
0.197501
0.00898028
0.344354
0.426554
0.7757
0.612921
0.00466085
0.522997
0.830845
0.0393937
0.964905
0.0300039
0.00121454
0.960933
0.0784374
0.353091
0.011329
0.0571187
0.00462453
0.470835
0.449858
0.121119
0.00634351
0.998943
0.965216
0.0811962
0.951535
0.0105802
0.00413172
0.0205232
0.0473246
0.0316039
0.0433136
0.00129909
0.299724
0.408476
0.0798159
0.029974
0.360394
0.703459
0.0380809
0.0689389
0.00300092
0.530333
0.0926364
0.0350944
0.708629
0.086148
0.53398
0.0705922
0.827381
0.0285029
0.0034092
0.0179674
0.00574072
0.984288
0.0073967
0.00538672
0.146305
0.174176
0.0789758
0.0188981
0.94305
0.0765224
0.951179
0.866119
0.0948341
0.01419
0.0230463
0.861972
0.0879244
0.0905111
0.0114892
0.0391567
0.0288845
0.00384154
0.337187
0.684776
0.221377
0.047525
0.0907072
0.800039
0.88033
0.151709
0.0021424
0.492537
0.0722311
0.0291054
0.0623598
0.526088
0.205302
0.0218862
0.189734
0.00699697
0.856078
0.00299706
0.665253
0.0296318
0.204036
0.184945
0.0121808
0.830739
0.000195701
0.0274557
0.0014773
0.141482
0.847672
0.779226
0.0175397
0.475305
0.820582
0.0115404
0.375638
0.0841958
0.86587
0.577016
0.00268669
0.719645
0.00316058
0.402121
0.0344713
0.00866828
0.692403
0.793803
0.185523
0.0017246
0.00254778
0.127158
0.0248871
0.0327141
0.00501541
0.0111764
0.00133664
0.241735
0.989559
0.0156423
0.36843
0.263635
0.00359128
0.0245725
0.353695
0.0945981
0.09385
0.891118
0.0655942
0.00684231
0.710746
0.596812
0.00949292
0.0297212
0.0390855
0.216272
0.0228804
0.266963
0.260932
0.969104
0.868196
0.0510906
0.0177414
0.796534
0.0089223
0.139181
0.0535394
0.00220084
0.00550155
0.0621448
0.000283142
0.0317743
0.260763
0.00134073
0.0258472
0.256186
0.0533971
0.0511745
0.0262414
0.115033
0.00526752
0.0151981
0.622521
0.0178578
0.213269
0.990579
0.0237034
0.301366
0.33479
0.0421696
0.994726
0.969104
0.0203385
0.0456508
0.112437
0.339063
0.191697
0.919657
0.00295788
0.0102393
0.654002
0.962995
0.959035
0.177244
0.00499571
0.111357
0.992178
0.211999
0.925087
0.000871896
0.98216
0.0996531
0.00964029
0.00184502
0.00207684
0.939594
0.00350105
0.0459344
0.937898
0.216272
0.0473169
0.737013
0.0115957
0.210834
0.132957
0.00222576
0.445477
0.000879979
0.0117343
0.0305144
0.962995
0.0760272
0.831373
0.00366859
0.009005
0.0020236
0.0994168
0.00435258
0.0303947
0.189439
0.0224449
0.239865
0.986263
0.000645293
0.0470745
0.142258
0.905425
0.13315
0.24311
0.156562
0.0883074
0.0393937
0.319511
0.468271
0.0275921
0.208254
0.498227
0.842402
0.755671
0.328709
0.0180749
0.0307251
0.133846
0.0019618
0.33479
0.382201
0.0247123
0.981397
0.00152042
0.108293
0.000174609
0.855327
0.00593989
0.0709073
0.642469
0.174652
0.0163347
0.165727
0.0918623
0.538822
0.032964
0.0170618
0.946458
0.0926364
0.0111897
0.905663
0.166443
0.0763357
0.129438
0.0298854
0.00149929
0.0217175
0.187932
0.00686674
0.0102932
0.66949
0.204331
0.776043
0.0118042
0.00640529
0.888692
0.0012759
0.0125051
0.767481
0.0128394
0.00427403
0.940405
0.0655404
0.0725252
0.755671
0.607111
0.0180613
0.0181152
0.986332
0.023744
0.0303465
0.0883615
0.153419
0.922507
0.200717
0.0223091
0.0368733
0.00526752
0.0017293
0.356056
0.0763357
0.915458
0.0261334
0.963627
0.00533386
0.168152
0.0121808
0.887932
0.0125786
0.295593
0.819921
0.921916
0.155057
0.0212509
0.122638
0.0508303
0.0258194
0.0205497
0.803912
0.0201359
0.993732
0.215368
0.974775
0.216272
0.0852686
0.334281
0.0432052
0.0241611
0.771482
0.00474412
0.0050045
0.39919
0.00735905
0.0215704
0.235148
0.978666
0.981577
0.965289
0.971951
0.956697
0.00144131
0.923155
0.864105
0.0180749
0.00243406
0.881027
0.556903
0.487273
0.00075524
0.705048
0.0128521
0.598889
0.0373991
0.131
0.000140839
0.0796665
0.719835
0.0746508
0.987806
0.914082
0.0571187
0.0175255
0.899743
0.0118227
0.00418207
0.0287005
0.0285029
0.260763
0.00317395
0.0354018
0.881584
0.0484957
0.837196
0.801711
0.0417624
0.534584
0.227403
0.00176675
0.000656638
0.000407646
0.00899947
0.0182929
0.170443
0.945609
0.00397576
0.56408
0.896257
0.300331
0.434997
0.0186045
0.978666
0.0197747
0.197501
0.114573
0.693857
0.931287
0.985195
0.918633
0.00917742
0.0135378
0.17473
0.898491
0.00168763
0.984288
0.00331751
0.0225109
0.00526752
0.0430232
0.958572
0.00579155
0.707473
0.000598839
0.02612
0.697169
0.00416029
0.668213
0.0274557
0.024466
0.0391009
0.692403
0.256186
0.00200617
0.00139033
0.00711187
0.034059
0.905899
0.187882
0.0175968
0.00153445
0.0325277
0.758977
0.440032
0.0120748
0.336319
0.0331403
0.0115018
0.0223812
0.919415
0.901912
0.538822
0.731569
0.0239001
0.538822
0.0142266
0.0621448
0.710746
0.955082
0.71358
0.923638
0.0798159
0.635488
0.818038
0.183978
0.0272414
0.00898028
0.026457
0.00906623
0.910991
0.843852
0.000183757
0.00173676
0.855477
0.567401
0.000324682
0.0678388
0.866119
0.00444165
0.0246752
0.0413355
0.00857618
0.32589
0.344354
0.00723888
0.951726
0.00242125
0.000358627
0.91064
0.914082
0.00218659
0.0052992
0.00158114
0.0120748
0.0947169
0.0034092
0.0325431
0.866119
0.00273209
0.665713
0.00546639
0.018687
0.145461
0.0177576
0.0550351
0.00990738
0.00456839
0.203178
0.189734
0.870561
0.0649257
0.947423
0.00315727
0.382201
0.0169149
0.414473
0.0140763
0.036775
0.0105802
0.0307251
0.025046
0.0356797
0.00715837
0.0294883
0.061238
0.884679
0.0505714
0.898645
0.895738
0.00627354
0.019654
0.209162
0.487258
0.00275587
0.336319
0.00572678
0.0274557
0.718126
0.812997
0.0703703
0.0680695
0.0364414
0.18636
0.125606
0.195981
0.0158446
0.400952
0.000560808
0.695897
0.00514476
0.0057585
0.285632
0.0114437
0.00236263
0.0205916
0.457956
0.202604
0.000615535
0.501812
0.00164561
0.726179
0.00942806
0.0049866
0.973086
0.0187795
0.404069
0.710595
0.659464
0.9726
0.000891203
0.00350043
0.0016148
0.0847337
0.0168911
0.0572708
0.300331
0.003412
0.00320285
0.90031
0.905007
0.0381848
0.867972
0.0169149
0.0245849
0.901912
0.0297212
0.00014756
0.994036
0.00298098
0.86587
0.0202381
0.002223
0.215368
0.33894
0.034144
0.139802
0.570072
0.00437579
0.608383
0.0676595
0.268956
0.0020972
0.00206698
0.060441
0.672513
0.0216498
0.0750609
0.00667442
0.479083
0.422781
0.986554
0.0164787
0.943882
0.119211
0.422946
0.79645
0.0444478
0.0267847
0.0456607
0.0140763
0.0386558
0.0499007
0.195302
0.577016
0.194104
0.909728
0.00597181
0.192164
0.104953
0.0189829
0.0493541
0.000472722
0.211999
0.281297
0.017004
0.121898
0.0364497
0.047717
0.874419
0.682753
0.0142088
0.118882
0.0709073
0.357676
0.0173179
0.977495
0.0282323
0.0579466
0.0196781
0.0298088
0.709371
0.527848
0.0393937
0.114241
0.0319294
0.715795
0.776811
0.000194274
0.881027
0.0102932
0.195302
0.897615
0.838172
0.162512
0.000728943
0.0050045
0.887601
0.982785
0.983863
0.000843044
0.103495
0.268158
0.0146975
0.984256
0.0568253
0.0864195
0.0393402
0.00494678
0.923549
0.494736
0.624529
0.0471726
0.471123
0.0165059
0.0564266
0.732471
0.0337963
0.0145276
0.700192
0.0873758
0.00917742
0.0110954
0.0116964
0.0225186
0.0241611
0.036691
0.877625
0.0300039
0.0114018
0.138975
0.0153822
0.265386
0.00240281
0.0109143
0.00142033
0.0171738
0.00173676
0.930441
0.949374
0.000777837
0.33479
0.0301158
0.98325
0.366435
0.250816
0.0145497
0.494236
0.00295547
0.0804151
0.00379361
0.00494678
0.579914
0.0179716
0.00149121
0.217261
0.131143
0.0498258
0.872725
0.26567
0.538362
0.0211116
0.651011
0.00415376
0.00254093
0.0712238
0.015213
0.0070786
0.0102932
0.0080235
0.013634
0.155057
0.0866508
0.000402015
0.794491
0.0717291
0.413686
0.687538
0.01419
0.933941
0.0685311
0.150456
0.104399
0.889521
0.971891
0.00145859
0.177102
0.781158
0.784658
0.0433136
0.00246245
0.334281
0.0535852
0.00313173
0.0802888
0.00200091
0.95354
0.0036485
0.0980156
0.0580874
0.86587
0.0379021
0.0682454
0.00123181
0.0643328
0.0182929
0.440032
0.91718
0.310132
0.230387
0.0138889
0.0068777
0.117966
0.659309
0.141075
0.0114585
0.273809
0.0204371
0.641215
0.123653
0.0237034
0.0341368
0.0138745
0.851924
0.348191
0.137139
0.0484831
0.0153314
0.63794
0.101759
0.0200274
0.973076
0.012912
0.5966
0.0281982
0.000932784
0.496455
0.000413698
0.00284308
0.00153792
0.0102387
0.00809225
0.0535394
0.0475654
0.0269422
0.958031
0.0230437
0.00820965
0.00143717
0.0060957
0.312148
0.729269
0.00133109
0.00636141
0.13501
0.00512175
0.314144
0.0108008
0.836287
0.00163942
0.00935879
0.0233747
0.00552971
0.291095
0.00162538
0.0391009
0.0563475
0.0202872
0.0323957
0.663724
0.0499818
0.0206917
0.999941
0.986332
0.736882
0.00629325
0.648485
0.00776147
0.778317
0.00470572
0.0427907
0.0100011
0.042383
0.036775
0.69231
0.0147998
0.138144
0.935029
0.103205
0.8164
0.0145738
0.698635
0.976907
0.0135378
0.174987
0.954993
0.0621448
0.812528
0.00715837
0.0430769
0.662969
0.994726
0.0499007
0.708382
0.1539
0.0327141
0.00467821
0.695581
0.0603305
0.0291873
0.0324108
0.00563318
0.0399041
0.0180694
0.00378428
0.634404
0.0046493
0.000875503
0.24719
0.979236
0.33479
0.932948
0.66774
0.00662318
0.551703
0.943882
0.723404
0.121018
0.0948341
0.0362306
0.020369
0.812485
0.255354
0.365732
0.0102393
0.372444
0.00896701
0.976931
0.0202433
0.032964
0.0199753
0.292399
0.435753
0.0709073
0.8738
0.0879244
0.0102393
0.153577
0.00536253
0.881027
0.0194772
0.0301581
0.450001
0.710649
0.772167
0.0151981
0.014369
0.00861479
0.0241611
0.0592349
0.963541
0.901011
0.976792
0.241188
0.00102313
0.427062
0.745414
0.301828
0.729606
0.0473246
0.000900728
0.989465
0.985615
0.0126435
0.377685
0.934141
0.00704136
0.00212871
0.865863
0.000415163
0.121018
0.155057
0.927118
0.0114786
0.849854
0.277004
0.623727
0.00317395
0.00915011
0.916461
0.0321603
0.0241101
0.00964029
0.00593717
0.325526
0.0267847
0.00508036
0.00426924
0.100574
0.00339034
0.00260343
0.00813826
0.319511
0.00529142
0.00940778
0.0280456
0.0322656
0.589961
0.0138347
0.0102217
0.0303361
0.0651618
0.411439
0.00535847
0.0455288
0.002223
0.00175943
0.976931
0.00967136
0.0140983
0.91064
0.025533
0.200918
0.00109287
0.0156047
0.0365519
0.043096
0.00382601
0.00545446
0.00569301
0.0280713
0.102711
0.0596706
0.00163891
0.000983833
0.00331751
0.789424
0.00107484
0.0203633
0.982279
0.0143472
0.0324108
0.0015037
0.950864
0.538822
0.0236713
0.966868
0.0622185
0.00226315
0.0225203
0.477411
0.982031
0.0360995
0.0784374
0.0147841
0.00791759
0.846042
0.900018
0.494405
0.0268597
0.0379021
0.0231188
0.00382535
0.980622
0.0182575
0.581445
0.930494
0.00305451
0.0879244
0.0739895
0.0125539
