0.95451
0.992618
0.973533
0.992104
0.207439
0.0404246
0.868187
0.952855
0.804868
0.919075
0.997136
0.960345
0.00886826
0.964008
0.213815
0.310596
0.995486
0.168294
0.985363
0.984046
0.0492123
0.216006
0.997164
0.382695
0.137917
0.977607
0.999267
0.956772
0.984972
0.300252
0.140575
0.578472
0.997083
0.957786
0.982231
0.012438
0.969631
0.0404929
0.999502
0.988754
0.976541
0.0564519
0.754454
0.945926
0.9992
0.657368
0.0397824
0.995634
0.965968
0.849117
0.942112
0.9552
0.754632
0.0575812
0.0665762
0.977065
0.891657
0.952637
0.91104
0.960117
0.105943
0.721699
0.460565
0.0413268
0.972469
0.989389
0.991627
0.0572067
0.133928
0.998722
0.903995
0.260087
0.201158
0.916961
0.914114
0.927178
0.975256
0.975931
0.975056
0.950943
0.528209
0.0503447
0.995909
0.988921
0.998781
0.947829
0.0621369
0.80838
0.644675
0.97575
0.827736
0.110244
0.0124267
0.574638
0.97558
0.992814
0.933696
0.571819
0.0282059
0.99965
0.993436
0.97926
0.0697828
0.981903
0.507085
0.0959012
0.995025
0.969935
0.947123
0.951936
0.986142
0.901625
0.994598
0.198173
0.0651119
0.0699933
0.715481
0.0491723
0.0879235
0.766117
0.642582
0.11442
0.998359
0.593546
0.981443
0.869392
0.229775
0.983065
0.995892
0.898387
0.221579
0.975036
0.114622
0.842704
0.992811
0.973341
0.997196
0.906396
0.606064
0.0453512
0.806264
0.0957592
0.65165
0.994035
0.97169
0.984046
0.932599
0.00739041
0.0449165
0.993981
0.975407
0.988223
0.368668
0.00477592
0.541561
0.936252
0.904866
0.710663
0.0209839
0.964941
0.0409783
0.192392
0.0407768
0.973533
0.995965
0.94842
0.0564519
0.924313
0.997699
0.707277
0.992132
0.801239
0.973533
0.0959012
0.843132
0.998237
0.998352
0.998588
0.833856
0.989889
0.995032
0.865671
0.221335
0.999014
0.994732
0.0951538
0.144724
0.85148
0.125847
0.144186
0.505899
0.50799
0.965727
0.9865
0.982205
0.00536837
0.956097
0.232932
0.916488
0.945681
0.931731
0.998263
0.954757
0.959153
0.751894
0.589699
0.983739
0.0689467
0.888263
0.162187
0.999735
0.907088
0.766685
0.986952
0.221197
0.997284
0.88151
0.986235
0.489021
0.983658
0.569316
0.0284155
0.508672
0.260101
0.999657
0.803553
0.448206
0.210733
0.110244
0.980051
0.0585363
0.996276
0.998335
0.192199
0.0699933
0.901228
0.994129
0.998905
0.0157241
0.863537
0.911674
0.536293
0.98496
0.998906
0.891657
0.979727
0.840854
0.0802381
0.996867
0.99089
0.986901
0.749669
0.977908
0.999197
0.977216
0.967247
0.0301845
0.0229109
0.0665762
0.0322833
0.0408275
0.983063
0.98904
0.968453
0.50226
0.0133618
0.00778948
0.0333648
0.0376088
0.967888
0.0378038
0.90498
0.944451
0.0176311
0.997765
0.632505
0.700999
0.923526
0.990964
0.0449165
0.992862
0.236857
0.217716
0.894148
0.947392
0.0799591
0.0852607
0.998054
0.877457
0.865671
0.209843
0.936252
0.958342
0.950084
0.962347
0.115454
0.953572
0.0157241
0.0210516
0.964742
0.0818666
0.783806
0.727116
0.127389
0.982211
0.871986
0.0100296
0.244474
0.997275
0.975764
0.973165
0.917762
0.00408869
0.0240384
0.0480444
0.95024
0.0256756
0.0604966
0.798567
0.191998
0.0629747
0.659839
0.95188
0.0397628
0.91964
0.957493
0.105619
0.998835
0.148426
0.982922
0.921773
0.996482
0.956405
0.999144
0.878612
0.985268
0.133759
0.975056
0.225701
0.107232
0.39374
0.904956
0.879381
0.992411
0.979651
0.0586805
0.00831446
0.923747
0.945926
0.991318
0.995873
0.975247
0.0342964
0.998064
0.997103
0.911563
0.838314
0.818816
0.00350346
0.955438
0.202996
0.995032
0.998396
0.920862
0.992382
0.999043
0.836192
0.942246
0.31706
0.0492183
0.986175
0.00747142
0.231145
0.987885
0.993222
0.0673397
0.836933
0.364274
0.932599
0.999488
0.00523496
0.657368
0.914114
0.985268
0.986902
0.989638
0.980734
0.983475
0.0361488
0.996438
0.977065
0.198059
0.086834
0.271393
0.110244
0.952986
0.0961809
0.113518
0.972046
0.448206
0.979373
0.915381
0.5741
0.219647
0.990625
0.995797
0.994959
0.0572486
0.992905
0.900689
0.990341
0.950996
0.98688
0.207536
0.995738
0.190067
0.895102
0.930181
0.934948
0.118137
0.958032
0.684132
0.0101741
0.913185
0.213114
0.991709
0.377016
0.0959012
0.9976
0.988223
0.982445
0.997168
0.0196563
0.0492183
0.0629747
0.997284
0.983846
0.866298
0.977906
0.995178
0.63195
0.237314
0.972025
0.978227
0.999567
0.975834
0.0173529
0.558235
0.891657
0.913154
0.980539
0.998403
0.932599
0.0191886
0.986805
0.75725
0.871732
0.192392
0.941083
0.202091
0.225559
0.979373
0.0229109
0.958008
0.871732
0.72861
0.88303
0.98902
0.820443
0.883897
0.980468
0.122475
0.809421
0.995233
0.183231
0.97849
0.996851
0.889791
0.997721
0.971379
0.842704
0.121655
0.992533
0.123459
0.932549
0.995225
0.998905
0.872638
0.86993
0.00491336
0.982602
0.998275
0.11754
0.259322
0.957154
0.542703
0.216006
0.992952
0.0536258
0.0219555
0.999461
0.0234854
0.974588
0.899587
0.109222
0.997169
0.932549
0.993788
0.9872
0.187624
0.192392
0.999886
0.99124
0.986901
0.983697
0.148845
0.0361418
0.671406
0.0590235
0.971568
0.909841
0.957786
0.996069
0.231145
0.99864
0.912974
0.0366799
0.983233
0.0858686
0.99919
0.101387
0.996853
0.96507
0.74736
0.959164
0.11354
0.0568025
0.998874
0.982231
0.243755
0.0414726
0.0754976
0.310462
0.747086
0.94619
0.989763
0.0300433
0.583604
0.986266
0.998535
0.848846
0.997284
0.652768
0.0147515
0.991583
0.0301845
0.966914
0.98547
0.102447
0.977706
0.996709
0.88252
0.950977
0.98139
0.986709
0.979274
0.146195
0.978759
0.995052
0.192392
0.992365
0.995328
0.999834
0.997846
0.923747
0.975213
0.209335
0.993788
0.0273155
0.961268
0.91104
0.974806
0.285827
0.786803
0.186721
0.81248
0.00984148
0.851624
0.489818
0.674175
0.0649412
0.100367
0.986709
0.766103
0.958008
0.97575
0.999408
0.969993
0.824608
0.983794
0.948373
0.688517
0.0320682
0.42244
0.977908
0.123459
0.994537
0.904653
0.65924
0.978489
0.0835786
0.958508
0.950943
0.953962
0.985649
0.0832306
0.991073
0.998634
0.0424818
0.969429
0.194279
0.048013
0.855355
0.392526
0.00420821
0.842704
0.593546
0.586099
0.836192
0.965525
0.115954
0.997449
0.143814
0.19617
0.0397824
0.74736
0.227567
0.238515
0.981469
0.992814
0.945513
0.803345
0.88586
0.779105
0.994776
0.0468471
0.722316
0.954131
0.997196
0.284469
0.988919
0.274688
0.92281
0.944857
0.00747142
0.596965
0.0265022
0.962044
0.9989
0.0217029
0.920689
0.0299374
0.108911
0.982744
0.995817
0.916783
0.754454
0.0253736
0.690499
0.919249
0.995968
0.975682
0.989817
0.113518
0.906226
0.247781
0.983569
0.902938
0.743922
0.974464
0.0614326
0.702371
0.968318
0.00397378
0.0114766
0.986419
0.11354
0.984586
0.978541
0.993306
0.981447
0.206729
0.574747
0.737109
0.0643517
0.986805
0.159001
0.996744
0.999353
0.0218057
0.043811
0.997207
0.0481193
0.1847
0.055917
0.99697
0.981643
0.161995
0.0296394
0.979727
0.0554717
0.726774
0.978541
0.694069
0.870918
0.979958
0.984749
0.0378996
0.994514
0.99732
0.993306
0.985228
0.148426
0.99644
0.990081
0.995357
0.862085
0.999379
0.00571472
0.723267
0.019417
0.999471
0.989901
0.661163
0.910654
0.406022
0.9976
0.173815
0.954131
0.873296
0.00572062
0.948947
0.00857736
0.977065
0.976157
0.903995
0.999822
0.285667
0.96986
0.133759
0.23053
0.992124
0.901183
0.0397824
0.984972
0.884203
0.98904
0.273517
0.935565
0.0685119
0.993491
0.970106
0.125282
0.983498
0.0640661
0.0416443
0.753218
0.939158
0.0107958
0.916783
0.985825
0.995249
0.915599
0.928046
0.709134
0.99709
0.651226
0.992078
0.977256
0.904095
0.983066
0.803562
0.906907
0.927178
0.568649
0.979209
0.0267502
0.950084
0.979209
0.965808
0.0793815
0.843132
0.999531
0.674558
0.979757
0.118137
0.0983508
0.996548
0.990659
0.992639
0.0449058
0.865524
0.360316
0.881634
0.994197
0.459551
0.318933
0.882311
0.0561703
0.945525
0.957904
0.0376088
0.0282059
0.997284
0.227835
0.982602
0.133759
0.593546
0.989611
0.837439
0.997908
0.10009
0.992104
0.187484
0.995605
0.611682
0.999181
0.994077
0.115954
0.638861
0.958797
0.187762
0.995626
0.694775
0.0256756
0.698177
0.279583
0.00482046
0.120185
0.991313
0.531989
0.866298
0.955438
0.978043
0.945525
0.982153
0.195279
0.991457
0.982381
0.00268367
0.99842
0.390237
0.977493
0.996046
0.960345
0.043811
0.882271
0.393104
0.996667
0.998627
0.991709
0.941068
0.708958
0.157306
0.0224369
0.0974452
0.97728
0.0439877
0.972046
0.797927
0.992413
0.986235
0.816085
0.043853
0.31981
0.999485
0.985074
0.996086
0.999245
0.103614
0.925525
0.0513604
0.256325
0.982153
0.0492183
0.880981
0.924431
0.997123
0.760608
0.774268
0.270124
0.115954
0.9525
0.162963
0.992934
0.236617
0.945513
0.923187
0.0554717
0.621159
0.593546
0.998785
0.476478
0.531795
0.234765
0.997272
0.036207
0.983142
0.628973
0.93461
0.020787
0.953535
0.148361
0.210733
0.113518
0.060357
0.99691
0.149661
0.980539
0.952853
0.771228
0.72861
0.0537556
0.563355
0.19605
0.0977781
0.531585
0.956405
0.210733
0.0219555
0.0800034
0.948418
0.726774
0.992799
0.934463
0.110244
0.95024
0.990044
0.301096
0.993391
0.0146476
0.993032
0.997284
0.939444
0.965108
0.952292
0.989779
0.0376088
0.999623
0.766688
0.994259
0.0814012
0.0196563
0.992411
0.997046
0.877296
0.997907
0.750684
0.065035
0.992381
0.979292
0.182523
0.992204
0.990841
0.177165
0.992302
0.285856
0.868081
0.993554
0.0475193
0.937787
0.542703
0.711254
0.194279
0.9552
0.996867
0.107267
0.955647
0.179412
0.930561
0.0220812
0.99329
0.957883
0.957018
0.958008
0.593546
0.98969
0.0301897
0.999263
0.979978
0.962963
0.775203
0.0295287
0.868901
0.99105
0.963366
0.521983
0.121197
0.0273155
0.21407
0.158673
0.975682
0.99842
0.99134
0.00408869
0.952436
0.996362
0.253201
0.190966
0.983402
0.999855
0.982989
0.981553
0.906583
0.978759
0.0928923
0.9869
0.989555
0.9552
0.199138
0.144724
0.970154
0.0706318
0.940971
0.113518
0.952368
0.998606
0.99985
0.0638315
0.0730878
0.878318
0.0131251
0.980528
0.0640661
0.0104603
0.84259
0.946403
0.515266
0.939614
0.905518
0.964008
0.976231
0.981447
0.98642
0.179412
0.997573
0.0209839
0.791011
0.421583
0.982744
0.871986
0.786803
0.982588
0.212884
0.827234
0.968625
0.0492183
0.990586
0.284104
0.91963
0.214397
0.962021
0.838314
0.00350346
0.871732
0.999346
0.557988
0.972891
0.93185
0.871581
0.210733
0.0069301
0.996979
0.674945
0.517341
0.95351
0.999759
0.985828
0.976321
0.710663
0.88939
0.996482
0.118194
0.515152
0.85422
0.0315133
0.983325
0.041031
0.96861
0.0208061
0.988919
0.966967
0.0491723
0.980417
0.203543
0.0158255
0.550214
0.477201
0.977784
0.993739
0.464334
0.991319
0.895837
0.991867
0.684783
0.0230496
0.91171
0.136565
0.944374
0.926058
0.991397
0.943798
0.99485
0.192392
0.979958
0.999106
0.997019
0.859079
0.74452
0.979588
0.958507
0.267336
0.202673
0.871986
0.96986
0.835069
0.977684
0.196055
0.758244
0.128737
0.99965
0.993249
0.994673
0.903264
0.999384
0.991496
0.402536
0.0352881
0.997094
0.994834
0.654741
0.964742
0.231284
0.997173
0.966792
0.952978
0.872638
0.00764132
0.685079
0.654298
0.831897
0.0320682
0.983832
0.118194
0.132577
0.136555
0.0745039
0.99783
0.0266752
0.974026
0.00408869
0.822609
0.997941
0.0815904
0.881414
0.683329
0.937338
0.980615
0.210733
0.999488
0.921607
0.743162
0.536293
0.995014
0.96806
0.698179
0.987529
0.959053
0.993346
0.997583
0.163293
0.984715
0.992926
0.999109
0.016746
0.941574
0.0682566
0.0543277
0.0226337
0.999297
0.888926
0.996121
0.999159
0.96507
0.0283246
0.996705
0.274688
0.0283246
0.997337
0.0879235
0.979102
0.993211
0.936025
0.0802381
0.993485
0.0611996
0.995759
0.920862
0.994596
0.967182
0.134293
0.34081
0.392074
0.932599
0.668117
0.958507
0.971751
0.153497
0.998533
0.999652
0.952185
0.0326578
0.0699933
0.999805
0.992661
0.0357833
0.0363644
0.990597
0.140576
0.699838
0.958642
0.9976
0.401877
0.0244711
0.995171
0.978439
0.0229109
0.271988
0.989613
0.986805
0.0777099
0.99813
0.428239
0.96746
0.110244
0.401751
0.996856
0.98071
0.999347
0.964517
0.997995
0.987277
0.000504735
0.266703
0.965968
0.605546
0.00569947
0.969011
0.935694
0.043277
0.0104289
0.0168376
0.182126
0.926816
0.0173266
0.0343705
0.970154
0.990734
0.00633304
0.112278
0.925798
0.0101337
0.999452
0.982922
0.370386
0.992533
0.9055
0.95772
0.985228
0.101397
0.0533861
0.0205953
0.0996678
0.979477
0.533202
0.993739
0.73376
0.999782
0.625689
0.0597514
0.99509
0.454535
0.992286
0.740785
0.996059
0.995528
0.0537534
0.677329
0.763096
0.207308
0.831118
0.883106
0.962963
0.127089
0.934767
0.18676
0.00606855
0.915881
0.995224
0.994732
0.0699933
0.0327441
0.999302
0.995038
0.954131
0.114622
0.93076
0.720802
0.982641
0.9922
0.998554
0.871732
0.997438
0.593546
0.909841
0.962834
0.931225
0.97168
0.511305
0.883677
0.994991
0.91735
0.559013
0.992866
0.884203
0.158181
0.987823
0.918839
0.981108
0.994998
0.85337
0.994289
0.144095
0.300244
0.96507
0.0506146
0.168294
0.986539
0.00879269
0.367819
0.244148
0.981699
0.957508
0.938499
0.0271177
0.379858
0.68238
0.988908
0.984926
0.975256
0.996979
0.0480444
0.998666
0.183214
0.997948
0.826418
0.998116
0.998874
0.971379
0.992132
0.0469895
0.742923
0.958946
0.996925
0.264605
0.984853
0.0835738
0.0101741
0.984891
0.903264
0.986271
0.958982
0.986234
0.557326
0.203543
0.982196
0.994634
0.0363644
0.045055
0.98439
0.999869
0.515593
0.99715
0.894753
0.0661839
0.514136
0.956857
0.942552
0.989159
0.0585363
0.11634
0.901625
0.974538
0.766103
0.9883
0.997953
0.043399
0.986618
0.784727
0.048013
0.933595
0.238515
0.979879
0.466184
0.185694
0.980655
0.0357089
0.11255
0.0500567
0.968076
0.125458
0.931943
0.983136
0.302618
0.986455
0.000504735
0.775543
0.798343
0.387321
0.964828
0.989716
0.334042
0.796316
0.0113864
0.119016
0.0397824
0.271988
0.75519
0.556443
0.90034
0.698644
0.997849
0.133759
0.982153
0.998516
0.9863
0.497599
0.930602
0.986235
0.0802346
0.868187
0.909841
0.489231
0.979757
0.231145
0.30754
0.984044
0.399533
0.0485308
0.950375
0.993952
0.996043
0.999489
0.728098
0.43555
0.927752
0.906907
0.0335916
0.137917
0.25428
0.962218
0.982386
0.824129
0.989704
0.532206
0.992533
0.814984
0.703412
0.108594
0.401615
0.891657
0.991714
0.823952
0.924809
0.981877
0.221365
0.994378
0.00971602
0.488815
0.818816
0.997857
0.900914
0.192392
0.960117
0.997606
0.104315
0.976486
0.0604966
0.76491
0.657676
0.911484
0.998247
0.144331
0.086834
0.991156
0.213121
0.962963
0.564922
0.319115
0.985016
0.121197
0.0509448
0.674623
0.967023
0.998289
0.0500489
0.0367289
0.959105
0.243161
0.226823
0.997196
0.943798
0.0350538
0.00634625
0.0172105
0.998829
0.959881
0.506587
0.997293
0.998979
0.0529475
0.0753525
0.929206
0.721586
0.939343
0.997699
0.994032
0.589479
0.959164
0.9503
0.927425
0.965133
0.157623
0.227567
0.867825
0.954961
0.19876
0.138544
0.0753525
0.986805
0.68238
0.511502
0.00472168
0.980043
0.957502
0.258661
0.995529
0.730803
0.0689467
0.153019
0.987269
0.985572
0.595742
0.803346
0.977908
0.983219
0.984972
0.464157
0.997292
0.559245
0.996816
0.989973
0.97279
0.0613789
0.996637
0.360811
0.998846
0.956796
0.0255222
0.036526
0.83216
0.482191
0.69496
0.970246
0.554018
0.211113
0.0489622
0.16443
0.959087
0.989043
0.996021
0.0489622
0.0974452
0.966509
0.66163
0.925525
0.318933
0.292924
0.96609
0.279583
0.958008
0.871986
0.147635
0.953802
0.848631
0.999488
0.962513
0.00790805
0.135893
0.997926
0.81067
0.993597
0.514908
0.995817
0.876701
0.985268
0.932094
0.945525
0.984635
0.972559
0.991828
0.448206
0.903617
0.0171629
0.11354
0.989901
0.126731
0.86993
0.041031
0.202996
0.0265286
0.0648258
0.448804
0.872727
0.343716
0.990059
0.988764
0.74736
0.992862
0.0578233
0.0833745
0.199859
0.0361488
0.592112
0.994537
0.243755
0.995525
0.484378
0.987555
0.982231
0.118331
0.982744
0.559245
0.998366
0.944668
0.98515
0.8662
0.771673
0.438064
0.9869
0.00976588
0.234955
0.81804
0.137917
0.958008
0.994924
0.905235
0.60032
0.947035
0.96355
0.958142
0.819305
0.0131343
0.989436
0.991123
0.964134
0.99465
0.796762
0.755429
0.999213
0.322407
0.980064
0.993224
0.065035
0.685079
0.18676
0.0641698
0.022686
0.964391
0.977784
0.987449
0.99964
0.0799387
0.34081
0.986981
0.920689
0.945346
0.927179
0.994603
0.0661839
0.979798
0.0852877
0.0616635
0.406022
0.992308
0.536466
0.591453
0.914114
0.846214
0.968318
0.799979
0.937175
0.989804
0.496981
0.00556774
0.542703
0.731876
0.930229
0.0542046
0.228289
0.643247
0.998593
0.00283978
0.946416
0.931748
0.921804
0.83345
0.979727
0.638861
0.0957592
0.997877
0.655757
0.996667
0.255711
0.760608
0.76515
0.192392
0.998352
0.871151
0.983086
0.97595
0.998025
0.952323
0.0549202
0.194743
0.996197
0.231145
0.0735719
0.992078
0.25567
0.822338
0.191139
0.231145
0.998039
0.967182
0.976605
0.411799
0.979757
0.895769
0.501113
0.0999401
0.676792
0.985892
0.987203
0.433254
0.992663
0.944902
0.961657
0.906147
0.989178
0.978258
0.0977781
0.979209
0.981517
0.62616
0.917729
0.990419
0.66964
0.984272
0.715505
0.0665752
0.96986
0.806777
0.170252
0.727466
0.997136
0.986848
0.973699
0.880158
0.99717
0.941626
0.333417
0.0263164
0.121851
0.996225
0.964201
0.0852607
0.998628
0.971989
0.810138
0.981908
0.990541
0.192392
0.99964
0.925034
0.0196563
0.964853
0.572018
0.649322
0.996871
0.729473
0.982775
0.895839
0.984715
0.846849
0.868774
0.9866
0.911674
0.097874
0.984515
0.621159
0.210733
0.871451
0.153497
0.089876
0.938499
0.978489
0.108594
0.597458
0.0905248
0.649322
0.997127
0.986805
0.918354
0.0272995
0.0015736
0.870148
0.993436
0.9525
0.0157241
0.72861
0.150182
0.998927
0.0629984
0.556443
0.96507
0.996702
0.999313
0.0614643
0.991545
0.992617
0.286684
0.783806
0.843471
0.0408275
0.975698
0.975104
0.98208
0.98909
0.0408275
0.972252
0.947645
0.684132
0.0272995
0.881006
0.0422685
0.998565
0.995559
0.989179
0.968007
0.986175
0.978645
0.933798
0.973533
0.591482
0.263182
0.994991
0.973793
0.858221
0.0466413
0.971965
0.873902
0.593546
0.962197
0.995525
0.109353
0.499443
0.884203
0.945654
0.644965
0.0732528
0.202673
0.809043
0.994732
0.0453512
0.192392
0.99089
0.210733
0.443691
0.262267
0.0303556
0.999561
0.832357
0.996135
0.202091
0.996293
0.86993
0.106112
0.00408869
0.964133
0.748418
0.343394
0.202996
0.99717
0.986539
0.00736865
0.980064
0.993182
0.110244
0.920457
0.850297
0.865671
0.975213
0.998359
0.990629
0.901625
0.992663
0.997103
0.323891
0.986891
0.679039
0.975256
0.990786
0.300252
0.989787
0.932332
0.0113736
0.922155
0.699549
0.437643
0.873619
0.241376
0.202673
0.98425
0.835069
0.989981
0.0272995
0.997284
0.911511
0.554018
0.913028
0.0525316
0.277889
0.174977
0.143814
0.984715
0.979958
0.330553
0.850297
0.0104289
0.997724
0.0327231
0.986014
0.95559
0.996579
0.142187
0.993307
0.964127
0.682742
0.0397628
0.00523496
0.965133
0.360463
0.00778948
0.846579
0.998001
0.0380172
0.737109
0.083252
0.74146
0.0203506
0.511502
0.501441
0.707494
0.963725
0.868187
0.743922
0.999225
0.993051
0.0420661
0.992821
0.970692
0.945476
0.133759
0.00350346
0.00559354
0.00572062
0.0184646
0.965343
0.591453
0.56369
0.994732
0.951085
0.593546
0.202996
0.151263
0.998532
0.271988
0.877296
0.216036
0.950996
0.947948
0.995573
0.489978
0.00388512
0.964544
0.0387736
0.0899527
0.944668
0.905685
0.00428373
0.918688
0.966914
0.914896
0.964391
0.0196563
0.997953
0.147636
0.114622
0.812596
0.0308794
0.708056
0.995281
0.91307
0.783283
0.998457
0.997375
0.999436
0.996842
0.97098
0.79188
0.0376088
0.981288
0.550214
0.00373626
0.822525
0.420924
0.945825
0.133759
0.989704
0.74736
0.813593
0.0408275
0.192844
0.0380918
0.674816
0.995409
0.984972
0.804901
0.0286134
0.975822
0.0509448
0.994029
0.902436
0.984715
0.980636
0.0489622
0.998583
0.0855144
0.995873
0.983213
0.322036
0.945827
0.805062
0.987981
0.992055
0.987993
0.501113
0.661796
0.993597
0.999508
0.987417
0.972047
0.112413
0.910925
0.990618
0.993739
0.0564682
0.35763
0.593546
0.981613
0.894991
0.866673
0.986901
0.965776
0.0842519
0.614933
0.140434
0.316816
0.989716
0.175056
0.982741
0.192392
0.221579
0.126802
0.0337719
0.0361488
0.989436
0.556443
0.440228
0.899587
0.9865
0.95772
0.973289
0.979373
0.489978
0.319115
0.977065
0.99644
0.00378414
0.11442
0.999181
0.867435
0.0467175
0.86397
0.997284
0.909841
0.943821
0.0225584
0.743922
0.996341
0.095163
0.991453
0.974806
0.162779
0.0899527
0.978559
0.998756
0.999624
0.981613
0.995823
0.977784
0.838314
0.0467175
0.991821
0.0842679
0.984858
0.771705
0.66964
0.972442
0.893388
0.97595
0.953071
0.754454
0.278178
0.00108828
0.922514
0.593546
0.991167
0.443691
0.849632
0.790196
0.809341
0.811737
0.958008
0.114365
0.882311
0.992661
0.993774
0.999174
0.91171
0.293315
0.953805
0.984721
0.00746801
0.998627
0.994017
0.048013
0.23053
0.97463
0.019417
0.952853
0.97595
0.234765
0.0277453
0.984149
0.996204
0.984891
0.100049
0.739872
0.986455
0.994006
0.98418
0.993788
0.318634
0.906907
0.942529
0.462673
0.980043
0.994197
0.955438
0.0068494
0.00457323
0.998236
0.257616
0.739647
0.157623
0.939158
0.998311
0.511502
0.932402
0.0283246
0.300631
0.179183
0.284207
0.906396
0.994932
0.977908
0.933097
0.994442
0.971158
0.822525
0.984251
0.984715
0.390237
0.489818
0.994703
0.239106
0.849632
0.984539
0.0522607
0.986848
0.996416
0.0531838
0.998585
0.191139
0.978431
0.999693
0.640987
0.461737
0.99455
0.666664
0.484632
0.811738
0.39355
0.334112
0.3587
0.876067
0.98904
0.986235
0.38283
0.995828
0.536293
0.956562
0.409671
0.0387911
0.0034517
0.986709
0.0357233
0.960895
0.150539
0.0663266
0.984995
0.980539
0.868979
0.910654
0.994338
0.786803
0.593546
0.231145
0.873878
0.0849432
0.97575
0.126764
0.937175
0.766524
0.927425
0.999029
0.72861
0.521031
0.988789
0.958982
0.944857
0.0133792
0.0147515
0.173807
0.987516
0.896239
0.86993
0.535811
0.857767
0.513678
0.980539
0.962267
0.978759
0.899374
0.0926363
0.709134
0.995525
0.72621
0.830581
0.00764132
0.0468471
0.99904
0.593546
0.997103
0.593546
0.0424818
0.0283246
0.0414726
0.988265
0.993051
0.100225
0.278292
0.0226422
0.999521
0.710663
0.275816
0.872058
0.0665752
0.0376088
0.820851
0.965958
0.952986
0.138864
0.0269591
0.136401
0.974026
0.0834905
0.921218
0.984006
0.127389
0.887656
0.97575
0.117299
0.64966
0.995409
0.99659
0.977906
0.376507
0.868187
0.979274
0.105243
0.95351
0.975834
0.929645
0.959164
0.893435
0.984464
0.969993
0.964853
0.971751
0.992814
0.188916
0.160395
0.997902
0.210733
0.204083
0.696801
0.800637
0.501967
0.979373
0.161851
0.995144
0.983498
0.993189
0.943056
0.673088
0.993485
0.970564
0.129703
0.976466
0.991709
0.0948695
0.957783
0.102786
0.931731
0.581535
0.992411
0.992906
0.380557
0.990486
0.997243
0.998747
0.979033
0.62879
0.00523496
0.255708
0.99089
0.0977258
0.826028
0.0641698
0.102516
0.999029
0.15438
0.745059
0.535882
0.362117
0.838326
0.00895844
0.987381
0.0961931
0.121194
0.785429
0.96355
0.996979
0.707494
0.935584
0.846579
0.991249
0.946098
0.327665
0.999724
0.0252353
0.192392
0.191139
0.966176
0.998743
0.998536
0.950084
0.97098
0.593546
0.249582
0.10009
0.100049
0.986539
0.993032
0.818816
0.00919491
0.952323
0.959087
0.182523
0.964742
0.255711
0.99692
0.984515
0.91104
0.984909
0.0493637
0.00450028
0.996839
0.90498
0.959164
0.0256756
0.937338
0.999845
0.0921014
0.964472
0.574379
0.979292
0.996568
0.138864
0.982588
0.970523
0.982231
0.987436
0.962329
0.521983
0.983498
0.939363
0.0959012
0.958392
0.987178
0.988644
0.907316
0.998616
0.140533
0.996128
0.991915
0.710737
0.939343
0.678768
0.930154
0.266611
0.997979
0.991332
0.899892
0.933595
0.564224
0.995817
0.994037
0.989666
0.989946
0.875426
0.300045
0.710663
0.973995
0.0918685
0.0272995
0.300252
0.9883
0.00442507
0.985554
0.187762
0.982254
0.982906
0.992477
0.961354
0.876378
0.273915
0.345439
0.817615
0.253413
0.794598
0.438558
0.970154
0.0266752
0.0161376
0.984972
0.879892
0.437643
0.192392
0.0753525
0.971158
0.901625
0.38021
0.153497
0.786803
0.0774659
0.831749
0.97202
0.975693
0.0800034
0.99842
0.992952
0.983569
0.997981
0.999127
0.927425
0.994269
0.79007
0.969011
0.992164
0.604699
0.387321
0.210733
0.0262437
0.0433802
0.995441
0.97898
0.00261859
0.0911718
0.960649
0.989885
0.674434
0.99794
0.183231
0.44485
0.889929
0.942665
0.0229599
0.655777
0.283708
0.977906
0.99717
0.994289
0.89853
0.980151
0.86993
0.125458
0.914114
0.98904
0.605169
0.994818
0.593546
0.954157
0.856681
0.450599
0.0452065
0.00889271
0.532019
0.992714
0.988919
0.868187
0.997591
0.0272995
0.116013
0.0658336
0.421008
0.946261
0.319741
0.158181
0.552126
0.0936355
0.932599
0.973116
0.511224
0.0358652
0.994645
0.414808
0.211949
0.994118
0.998823
0.466249
0.998415
0.964026
0.90039
0.0673397
0.779699
0.0378996
0.638861
0.756716
0.997953
0.975542
0.0849432
0.881414
0.997196
0.96507
0.997907
0.980064
0.994683
0.962044
0.995876
0.989707
0.992603
0.992279
0.99747
0.109353
0.743631
0.089287
0.948418
0.966055
0.00676874
0.999867
0.986956
0.93987
0.853142
0.127389
0.993627
0.855355
0.996749
0.992811
0.0546502
0.899019
0.997283
0.162779
0.983973
0.991754
0.999313
0.964327
0.982055
0.917212
0.996998
0.99909
0.999245
0.766688
0.983591
0.945485
0.998398
0.979477
0.977065
0.148845
0.99569
0.990918
0.237935
0.901779
0.988191
0.979477
0.0217029
0.377016
0.921291
0.37306
0.530295
0.998626
0.985554
0.404681
0.133928
0.883918
0.992661
0.988917
0.972785
0.0992029
0.155152
0.09462
0.967209
0.923583
0.540685
0.997469
0.043811
0.978217
0.0447681
0.0631571
0.979955
0.955675
0.934958
0.952986
